ensemble,case,b,n,s,pressure_hpa,initial_zonal_wind_at_jet_core_m_s-1,initial_eady_growth_rate_day-1,initial_jet_core_latitude_deg
standard,BCwave_b1n1s-10,1.0,1,-10,10.0,0.015421387315048682,0.004777574580877901,34.5
standard,BCwave_b1n1s-10,1.0,1,-10,50.0,0.027733592654759477,0.005360991388360784,34.5
standard,BCwave_b1n1s-10,1.0,1,-10,100.0,0.40548164827956096,0.04125857619490209,34.5
standard,BCwave_b1n1s-10,1.0,1,-10,150.0,1.8105152000983555,0.13730261322630039,34.5
standard,BCwave_b1n1s-10,1.0,1,-10,200.0,4.2265584150950115,0.25045417136155956,34.5
standard,BCwave_b1n1s-10,1.0,1,-10,250.0,7.1193310737609865,0.3230450025935809,34.5
standard,BCwave_b1n1s-10,1.0,1,-10,300.0,9.922582658131917,0.3333422623668061,34.5
standard,BCwave_b1n1s-10,1.0,1,-10,400.0,13.908432602882385,0.20164067610018818,34.5
standard,BCwave_b1n1s-10,1.0,1,-10,500.0,15.054868009355333,0.0327186202818855,34.5
standard,BCwave_b1n1s-10,1.0,1,-10,600.0,13.803334069252013,0.28174430447107035,34.5
standard,BCwave_b1n1s-10,1.0,1,-10,700.0,11.00928269757165,0.47354197486248545,34.5
standard,BCwave_b1n1s-10,1.0,1,-10,850.0,5.552996310922834,0.6461477103755631,34.5
standard,BCwave_b1n1s-10,1.0,1,-10,925.0,2.7270803848902383,0.6981255973048345,34.5
standard,BCwave_b1n1s-10,1.0,1,-10,975.0,0.9020113761226336,0.7072344049497518,34.5
standard,BCwave_b1n1s-10,1.0,1,-10,1000.0,0.018406131019671396,0.7026929254602898,34.5
standard,BCwave_b1n1s-5,1.0,1,-5,10.0,0.01585532726619729,0.005368194435306569,39.5
standard,BCwave_b1n1s-5,1.0,1,-5,50.0,0.02820120322673271,0.006031788248737982,39.5
standard,BCwave_b1n1s-5,1.0,1,-5,100.0,0.40633985375364623,0.04664855036617729,39.5
standard,BCwave_b1n1s-5,1.0,1,-5,150.0,1.8118512163559595,0.15732857025492725,39.5
standard,BCwave_b1n1s-5,1.0,1,-5,200.0,4.228031876352098,0.28826458005961003,39.5
standard,BCwave_b1n1s-5,1.0,1,-5,250.0,7.1205888999833,0.3670511444056601,39.5
standard,BCwave_b1n1s-5,1.0,1,-5,300.0,9.923443407482571,0.3699795958413066,39.5
standard,BCwave_b1n1s-5,1.0,1,-5,400.0,13.90863464143541,0.21344964979118,39.5
standard,BCwave_b1n1s-5,1.0,1,-5,500.0,15.055233611000908,0.033733144752003515,39.5
standard,BCwave_b1n1s-5,1.0,1,-5,600.0,13.804270937707688,0.29186563619464845,39.5
standard,BCwave_b1n1s-5,1.0,1,-5,700.0,11.010545931922065,0.5022941856867974,39.5
standard,BCwave_b1n1s-5,1.0,1,-5,850.0,5.5541452447573345,0.714705544663369,39.5
standard,BCwave_b1n1s-5,1.0,1,-5,925.0,2.728078214989768,0.7859427689667134,39.5
standard,BCwave_b1n1s-5,1.0,1,-5,975.0,0.9028906799025006,0.8044973975565622,39.5
standard,BCwave_b1n1s-5,1.0,1,-5,1000.0,0.019336390179020984,0.8032241802830601,39.5
standard,BCwave_b1n1,1.0,1,0,10.0,0.016388493700489764,0.005918723556854737,44.5
standard,BCwave_b1n1,1.0,1,0,50.0,0.028662475425517187,0.00665803387809268,44.5
standard,BCwave_b1n1,1.0,1,0,100.0,0.4071100204355187,0.051797169307699176,44.5
standard,BCwave_b1n1,1.0,1,0,150.0,1.8130739553107156,0.17751166756455056,44.5
standard,BCwave_b1n1,1.0,1,0,200.0,4.229386005136702,0.32706743263341365,44.5
standard,BCwave_b1n1,1.0,1,0,250.0,7.121657429801093,0.40998048692108024,44.5
standard,BCwave_b1n1,1.0,1,0,300.0,9.924017506175572,0.4024495346378429,44.5
standard,BCwave_b1n1,1.0,1,0,400.0,13.90841633213891,0.22160783886556978,44.5
standard,BCwave_b1n1,1.0,1,0,500.0,15.055175752109951,0.034217071294172265,44.5
standard,BCwave_b1n1,1.0,1,0,600.0,13.804857442114088,0.2970775600466287,44.5
standard,BCwave_b1n1,1.0,1,0,700.0,11.011554604106479,0.5213718690285553,44.5
standard,BCwave_b1n1,1.0,1,0,850.0,5.555192629496257,0.7726786440014972,44.5
standard,BCwave_b1n1,1.0,1,0,925.0,2.728978473610348,0.8671899866928081,44.5
standard,BCwave_b1n1,1.0,1,0,975.0,0.9036847061581081,0.8983256612577196,44.5
standard,BCwave_b1n1,1.0,1,0,1000.0,0.020212056435088104,0.9015398210949153,44.5
standard,BCwave_b1n1s5,1.0,1,5,10.0,0.017505318534111008,0.0064244483500895235,49.5
standard,BCwave_b1n1s5,1.0,1,5,50.0,0.02983177323710859,0.007238871785106958,49.5
standard,BCwave_b1n1s5,1.0,1,5,100.0,0.4087087494631608,0.056660875582558855,49.5
standard,BCwave_b1n1s5,1.0,1,5,150.0,1.815116403500239,0.19775821542074898,49.5
standard,BCwave_b1n1s5,1.0,1,5,200.0,4.231431469652388,0.36685196330430947,49.5
standard,BCwave_b1n1s5,1.0,1,5,250.0,7.123296817143758,0.45149416461761077,49.5
standard,BCwave_b1n1s5,1.0,1,5,300.0,9.925054364734226,0.4307252093530989,49.5
standard,BCwave_b1n1s5,1.0,1,5,400.0,13.908476244078742,0.22701569936953095,49.5
standard,BCwave_b1n1s5,1.0,1,5,500.0,15.05530711279975,0.03436346115579282,49.5
standard,BCwave_b1n1s5,1.0,1,5,600.0,13.805689761373731,0.29896757553874914,49.5
standard,BCwave_b1n1s5,1.0,1,5,700.0,11.012911126348708,0.5326795217397713,49.5
standard,BCwave_b1n1s5,1.0,1,5,850.0,5.5567928115526835,0.8192257939973363,49.5
standard,BCwave_b1n1s5,1.0,1,5,925.0,2.7305947972668543,0.9400900966846802,49.5
standard,BCwave_b1n1s5,1.0,1,5,975.0,0.9053065960605939,0.9887501149763614,49.5
standard,BCwave_b1n1s5,1.0,1,5,1000.0,0.022016392102477925,0.9994787957483409,49.5
standard,BCwave_b1n1s10,1.0,1,10,10.0,0.019027949318761887,0.0068793720213413305,54.5
standard,BCwave_b1n1s10,1.0,1,10,50.0,0.03136620174498401,0.0077636260571233105,54.5
standard,BCwave_b1n1s10,1.0,1,10,100.0,0.4105069521400664,0.06117973226359172,54.5
standard,BCwave_b1n1s10,1.0,1,10,150.0,1.81727854013443,0.21787733102222792,54.5
standard,BCwave_b1n1s10,1.0,1,10,200.0,4.233508488867018,0.4074206563792525,54.5
standard,BCwave_b1n1s10,1.0,1,10,250.0,7.124854290485382,0.4911411030849734,54.5
standard,BCwave_b1n1s10,1.0,1,10,300.0,9.925867001215616,0.4549289023278407,54.5
standard,BCwave_b1n1s10,1.0,1,10,400.0,13.908097987704807,0.23045967403461448,54.5
standard,BCwave_b1n1s10,1.0,1,10,500.0,15.054919584592183,0.03431136823588493,54.5
standard,BCwave_b1n1s10,1.0,1,10,600.0,13.806067633628846,0.2988720935913464,54.5
standard,BCwave_b1n1s10,1.0,1,10,700.0,11.013919364081488,0.5385622770190736,54.5
standard,BCwave_b1n1s10,1.0,1,10,850.0,5.558259640799628,0.8552298953100042,54.5
standard,BCwave_b1n1s10,1.0,1,10,925.0,2.732211943467458,1.0041392016802508,54.5
standard,BCwave_b1n1s10,1.0,1,10,975.0,0.9070138325293858,1.0758296996164094,54.5
standard,BCwave_b1n1s10,1.0,1,10,1000.0,0.024004896070443413,1.0981479440409614,54.5
standard,BCwave_b1n3s-10,1.0,3,-10,10.0,0.015506383830446188,0.004770199629534722,34.5
standard,BCwave_b1n3s-10,1.0,3,-10,50.0,0.02776468280288908,0.005354005643321969,34.5
standard,BCwave_b1n3s-10,1.0,3,-10,100.0,0.4049370367493894,0.04127094190300729,34.5
standard,BCwave_b1n3s-10,1.0,3,-10,150.0,1.8078558799293307,0.13787314815121926,34.5
standard,BCwave_b1n3s-10,1.0,3,-10,200.0,4.220258845223321,0.2518357624069948,34.5
standard,BCwave_b1n3s-10,1.0,3,-10,250.0,7.108683537112342,0.3236828834385954,34.5
standard,BCwave_b1n3s-10,1.0,3,-10,300.0,9.907719747225444,0.3317265844699085,34.5
standard,BCwave_b1n3s-10,1.0,3,-10,400.0,13.88756647904714,0.19767346786622025,34.5
standard,BCwave_b1n3s-10,1.0,3,-10,500.0,15.032274397214254,0.031789856622800795,34.5
standard,BCwave_b1n3s-10,1.0,3,-10,600.0,13.78263058397505,0.27378508239905425,34.5
standard,BCwave_b1n3s-10,1.0,3,-10,700.0,10.992793371942309,0.46330125249847437,34.5
standard,BCwave_b1n3s-10,1.0,3,-10,850.0,5.544717307885488,0.640573809930961,34.5
standard,BCwave_b1n3s-10,1.0,3,-10,925.0,2.7230609463320836,0.6966396935158434,34.5
standard,BCwave_b1n3s-10,1.0,3,-10,975.0,0.9007449133528603,0.7090642948578383,34.5
standard,BCwave_b1n3s-10,1.0,3,-10,1000.0,0.018460929108156658,0.7061802808649207,34.5
standard,BCwave_b1n3s-5,1.0,3,-5,10.0,0.015985086539545692,0.00536127108798657,39.5
standard,BCwave_b1n3s-5,1.0,3,-5,50.0,0.02826226271798886,0.006022686000115401,39.5
standard,BCwave_b1n3s-5,1.0,3,-5,100.0,0.4058520690434509,0.046571394422890246,39.5
standard,BCwave_b1n3s-5,1.0,3,-5,150.0,1.809388142824173,0.15699064856576736,39.5
standard,BCwave_b1n3s-5,1.0,3,-5,200.0,4.222178252538045,0.28761922477422974,39.5
standard,BCwave_b1n3s-5,1.0,3,-5,250.0,7.110659754276275,0.366437417815652,39.5
standard,BCwave_b1n3s-5,1.0,3,-5,300.0,9.909568595886231,0.3696683263282888,39.5
standard,BCwave_b1n3s-5,1.0,3,-5,400.0,13.889170625474717,0.21356863796153022,39.5
standard,BCwave_b1n3s-5,1.0,3,-5,500.0,15.034157819218105,0.033776057621003226,39.5
standard,BCwave_b1n3s-5,1.0,3,-5,600.0,13.784958902994791,0.29228739495361833,39.5
standard,BCwave_b1n3s-5,1.0,3,-5,700.0,10.995161570443047,0.5028708248665649,39.5
standard,BCwave_b1n3s-5,1.0,3,-5,850.0,5.546441104676989,0.7148424898707864,39.5
standard,BCwave_b1n3s-5,1.0,3,-5,925.0,2.724342077308231,0.7855693374894406,39.5
standard,BCwave_b1n3s-5,1.0,3,-5,975.0,0.901722976565361,0.8037373612812585,39.5
standard,BCwave_b1n3s-5,1.0,3,-5,1000.0,0.019432072071938616,0.8023044441171018,39.5
standard,BCwave_b1n3,1.0,3,0,10.0,0.016552059693963707,0.005912501332420625,44.5
standard,BCwave_b1n3,1.0,3,0,50.0,0.028743307989457713,0.006646157586415618,44.5
standard,BCwave_b1n3,1.0,3,0,100.0,0.40665706677569285,0.051589229961114584,44.5
standard,BCwave_b1n3,1.0,3,0,150.0,1.8106723103258344,0.17575258267153004,44.5
standard,BCwave_b1n3,1.0,3,0,200.0,4.223650175995297,0.3231683417269398,44.5
standard,BCwave_b1n3,1.0,3,0,250.0,7.111938256687588,0.4074785064904776,44.5
standard,BCwave_b1n3,1.0,3,0,300.0,9.91044041050805,0.4038383341521997,44.5
standard,BCwave_b1n3,1.0,3,0,400.0,13.889365686310661,0.22599299760842706,44.5
standard,BCwave_b1n3,1.0,3,0,500.0,15.034551525115967,0.035163754688771864,44.5
standard,BCwave_b1n3,1.0,3,0,600.0,13.7859518872367,0.3054524917814027,44.5
standard,BCwave_b1n3,1.0,3,0,700.0,10.99649596479204,0.5334157726849365,44.5
standard,BCwave_b1n3,1.0,3,0,850.0,5.547657076517741,0.780214580582822,44.5
standard,BCwave_b1n3,1.0,3,0,925.0,2.7253394570615557,0.8683843233306151,44.5
standard,BCwave_b1n3,1.0,3,0,975.0,0.9025730654597283,0.8944384281216569,44.5
standard,BCwave_b1n3,1.0,3,0,1000.0,0.020334452831986097,0.8953373278475765,44.5
standard,BCwave_b1n3s5,1.0,3,5,10.0,0.01772426655983913,0.0064188375211247815,49.5
standard,BCwave_b1n3s5,1.0,3,5,50.0,0.02996995603445814,0.0072236481405514395,49.5
standard,BCwave_b1n3s5,1.0,3,5,100.0,0.40831822885407343,0.056288111253013154,49.5
standard,BCwave_b1n3s5,1.0,3,5,150.0,1.8128852006461886,0.19401891882615271,49.5
standard,BCwave_b1n3s5,1.0,3,5,200.0,4.226060110992855,0.35826593413102276,49.5
standard,BCwave_b1n3s5,1.0,3,5,250.0,7.114167556497786,0.44647675038091683,49.5
standard,BCwave_b1n3s5,1.0,3,5,300.0,9.912292128139072,0.4341440691328556,49.5
standard,BCwave_b1n3s5,1.0,3,5,400.0,13.890563668145074,0.23548037526358323,49.5
standard,BCwave_b1n3s5,1.0,3,5,500.0,15.035905456542968,0.0360888908059328,49.5
standard,BCwave_b1n3s5,1.0,3,5,600.0,13.787908546129863,0.3142532530611183,49.5
standard,BCwave_b1n3s5,1.0,3,5,700.0,10.99875029987759,0.555565964163413,49.5
standard,BCwave_b1n3s5,1.0,3,5,850.0,5.549725080860986,0.8351557699571166,49.5
standard,BCwave_b1n3s5,1.0,3,5,925.0,2.7271905991766188,0.943271044428121,49.5
standard,BCwave_b1n3s5,1.0,3,5,975.0,0.9042849803964297,0.9800627627958354,49.5
standard,BCwave_b1n3s5,1.0,3,5,1000.0,0.022151033465950654,0.9846961580247073,49.5
standard,BCwave_b1n3s10,1.0,3,10,10.0,0.019229526523961087,0.00687450043297411,54.5
standard,BCwave_b1n3s10,1.0,3,10,50.0,0.031496827267498397,0.007744784465309514,54.5
standard,BCwave_b1n3s10,1.0,3,10,100.0,0.41011589442690216,0.060602029122595456,54.5
standard,BCwave_b1n3s10,1.0,3,10,150.0,1.8149459375275505,0.21151865462421082,54.5
standard,BCwave_b1n3s10,1.0,3,10,200.0,4.227889948421055,0.392432124181593,54.5
standard,BCwave_b1n3s10,1.0,3,10,250.0,7.115302577283647,0.48290067329856023,54.5
standard,BCwave_b1n3s10,1.0,3,10,300.0,9.91251691977183,0.4604958262651155,54.5
standard,BCwave_b1n3s10,1.0,3,10,400.0,13.889353900485569,0.24256540922434253,54.5
standard,BCwave_b1n3s10,1.0,3,10,500.0,15.034619620111254,0.036675300572123884,54.5
standard,BCwave_b1n3s10,1.0,3,10,600.0,13.78741619322035,0.3197908386969092,54.5
standard,BCwave_b1n3s10,1.0,3,10,700.0,10.999077269766065,0.5708160188168224,54.5
standard,BCwave_b1n3s10,1.0,3,10,850.0,5.550873945819007,0.8795874435285711,54.5
standard,BCwave_b1n3s10,1.0,3,10,925.0,2.728649100330141,1.0089366863625335,54.5
standard,BCwave_b1n3s10,1.0,3,10,975.0,0.9059410775701205,1.0598331353018566,54.5
standard,BCwave_b1n3s10,1.0,3,10,1000.0,0.0241348874300949,1.0705341736382166,54.5
standard,BCwave_b1n6s-10,1.0,6,-10,10.0,0.015594725629686461,0.004759641039522029,34.5
standard,BCwave_b1n6s-10,1.0,6,-10,50.0,0.02777806467137351,0.005342000485245605,34.5
standard,BCwave_b1n6s-10,1.0,6,-10,100.0,0.4040812120669418,0.04120436770914473,34.5
standard,BCwave_b1n6s-10,1.0,6,-10,150.0,1.8038375212086573,0.13784186215639063,34.5
standard,BCwave_b1n6s-10,1.0,6,-10,200.0,4.2108188231786094,0.25189856981236236,34.5
standard,BCwave_b1n6s-10,1.0,6,-10,250.0,7.0927419821421305,0.32334838452153875,34.5
standard,BCwave_b1n6s-10,1.0,6,-10,300.0,9.885473457972209,0.33058120415644887,34.5
standard,BCwave_b1n6s-10,1.0,6,-10,400.0,13.856356231371562,0.19598082026142222,34.5
standard,BCwave_b1n6s-10,1.0,6,-10,500.0,14.998485194312202,0.03142422531458136,34.5
standard,BCwave_b1n6s-10,1.0,6,-10,600.0,13.751663690143161,0.270646299367103,34.5
standard,BCwave_b1n6s-10,1.0,6,-10,700.0,10.968113202518888,0.4590029215180244,34.5
standard,BCwave_b1n6s-10,1.0,6,-10,850.0,5.5323092526859705,0.6374591647120775,34.5
standard,BCwave_b1n6s-10,1.0,6,-10,925.0,2.7170055124494765,0.6948251276485763,34.5
standard,BCwave_b1n6s-10,1.0,6,-10,975.0,0.8987934230102433,0.7078886426954436,34.5
standard,BCwave_b1n6s-10,1.0,6,-10,1000.0,0.018478699336360982,0.7051298951897738,34.5
standard,BCwave_b1n6s-5,1.0,6,-5,10.0,0.01612985040329578,0.00535091560888738,39.5
standard,BCwave_b1n6s-5,1.0,6,-5,50.0,0.02831707453652699,0.006009174094948663,39.5
standard,BCwave_b1n6s-5,1.0,6,-5,100.0,0.40509632726510364,0.04644967812888188,39.5
standard,BCwave_b1n6s-5,1.0,6,-5,150.0,1.8056723531749514,0.15641204586751492,39.5
standard,BCwave_b1n6s-5,1.0,6,-5,200.0,4.213394624657101,0.2864599390817466,39.5
standard,BCwave_b1n6s-5,1.0,6,-5,250.0,7.095808291435242,0.3653483119749079,39.5
standard,BCwave_b1n6s-5,1.0,6,-5,300.0,9.888833906915453,0.36924937821821996,39.5
standard,BCwave_b1n6s-5,1.0,6,-5,400.0,13.860055867830912,0.21407708567245878,39.5
standard,BCwave_b1n6s-5,1.0,6,-5,500.0,15.002629878785875,0.033921003311205886,39.5
standard,BCwave_b1n6s-5,1.0,6,-5,600.0,13.756051015853881,0.29356366232452585,39.5
standard,BCwave_b1n6s-5,1.0,6,-5,700.0,10.972123901049295,0.5044309760684217,39.5
standard,BCwave_b1n6s-5,1.0,6,-5,850.0,5.534876725408766,0.7149591631646524,39.5
standard,BCwave_b1n6s-5,1.0,6,-5,925.0,2.7187087072266474,0.7844891991724523,39.5
standard,BCwave_b1n6s-5,1.0,6,-5,975.0,0.8999310854408477,0.8010836499200585,39.5
standard,BCwave_b1n6s-5,1.0,6,-5,1000.0,0.019481934147875614,0.7985690479770189,39.5
standard,BCwave_b1n6,1.0,6,0,10.0,0.016712818880397308,0.0059018363422258715,44.5
standard,BCwave_b1n6,1.0,6,0,50.0,0.02879938086205382,0.006630073002861293,44.5
standard,BCwave_b1n6,1.0,6,0,100.0,0.4059017635881901,0.051389375908835896,44.5
standard,BCwave_b1n6,1.0,6,0,150.0,1.807021658619245,0.17436791338732785,44.5
standard,BCwave_b1n6,1.0,6,0,200.0,4.215028650230831,0.32017808808972403,44.5
standard,BCwave_b1n6,1.0,6,0,250.0,7.097367889351315,0.4052993331949822,44.5
standard,BCwave_b1n6,1.0,6,0,300.0,9.890112800068325,0.4043503578272737,44.5
standard,BCwave_b1n6,1.0,6,0,400.0,13.860866400930616,0.22895377404026923,44.5
standard,BCwave_b1n6,1.0,6,0,500.0,15.003691538174946,0.035834353606752016,44.5
standard,BCwave_b1n6,1.0,6,0,600.0,13.75764726003011,0.31137691105433574,44.5
standard,BCwave_b1n6,1.0,6,0,700.0,10.973936404122247,0.5416718174535453,44.5
standard,BCwave_b1n6,1.0,6,0,850.0,5.536325188477834,0.7845782599689891,44.5
standard,BCwave_b1n6,1.0,6,0,925.0,2.7198237776756287,0.8681313420149336,44.5
standard,BCwave_b1n6,1.0,6,0,975.0,0.9008129903011852,0.8899860751524715,44.5
standard,BCwave_b1n6,1.0,6,0,1000.0,0.02038146246052545,0.8886513975991481,44.5
standard,BCwave_b1n6s5,1.0,6,5,10.0,0.017944975721992603,0.006408777160906196,49.5
standard,BCwave_b1n6s5,1.0,6,5,50.0,0.03007092099610923,0.007205515884200184,49.5
standard,BCwave_b1n6s5,1.0,6,5,100.0,0.4076443924672074,0.05599710006656487,49.5
standard,BCwave_b1n6s5,1.0,6,5,150.0,1.8094800654384824,0.1915884066931674,49.5
standard,BCwave_b1n6s5,1.0,6,5,200.0,4.2179538872506885,0.3528382063281759,49.5
standard,BCwave_b1n6s5,1.0,6,5,250.0,7.100451482666863,0.44294132508770656,49.5
standard,BCwave_b1n6s5,1.0,6,5,300.0,9.893147055308024,0.4357992615459378,49.5
standard,BCwave_b1n6s5,1.0,6,5,400.0,13.863696093029446,0.24094767225897643,49.5
standard,BCwave_b1n6s5,1.0,6,5,500.0,15.006826300091214,0.03725530284920116,49.5
standard,BCwave_b1n6s5,1.0,6,5,600.0,13.761236974928114,0.3246111755316258,49.5
standard,BCwave_b1n6s5,1.0,6,5,700.0,10.977501368522644,0.5706447157605768,49.5
standard,BCwave_b1n6s5,1.0,6,5,850.0,5.539067987600962,0.8445018090620569,49.5
standard,BCwave_b1n6s5,1.0,6,5,925.0,2.722031580077277,0.9440693222605697,49.5
standard,BCwave_b1n6s5,1.0,6,5,975.0,0.9026719982425372,0.9733478758527206,49.5
standard,BCwave_b1n6s5,1.0,6,5,1000.0,0.02222923584027841,0.9742493497475376,49.5
standard,BCwave_b1n6s10,1.0,6,10,10.0,0.019456855668249774,0.00686379083658117,54.5
standard,BCwave_b1n6s10,1.0,6,10,50.0,0.03160368050254571,0.0077232721755351,54.5
standard,BCwave_b1n6s10,1.0,6,10,100.0,0.4094161297712061,0.060193508228769954,54.5
standard,BCwave_b1n6s10,1.0,6,10,150.0,1.8113663703203202,0.2077596079059811,54.5
standard,BCwave_b1n6s10,1.0,6,10,200.0,4.21938939359453,0.38385272167972223,54.5
standard,BCwave_b1n6s10,1.0,6,10,250.0,7.100926042927636,0.477644084481182,54.5
standard,BCwave_b1n6s10,1.0,6,10,300.0,9.892463790045845,0.46331263899467895,54.5
standard,BCwave_b1n6s10,1.0,6,10,400.0,13.861230103174845,0.25036183860126604,54.5
standard,BCwave_b1n6s10,1.0,6,10,500.0,15.004180534680684,0.038272028640403674,54.5
standard,BCwave_b1n6s10,1.0,6,10,600.0,13.759506776597764,0.3339919455762728,54.5
standard,BCwave_b1n6s10,1.0,6,10,700.0,10.976843831274245,0.592076342918091,54.5
standard,BCwave_b1n6s10,1.0,6,10,850.0,5.539729494518704,0.8939003333557206,54.5
standard,BCwave_b1n6s10,1.0,6,10,925.0,2.723261714643902,1.0107174350751031,54.5
standard,BCwave_b1n6s10,1.0,6,10,975.0,0.9042653020885255,1.049540685204915,54.5
standard,BCwave_b1n6s10,1.0,6,10,1000.0,0.024243082855750546,1.053856314919169,54.5
standard,BCwave_b15n1s-10,1.5,1,-10,10.0,0.027320402605174522,0.04850908001141799,34.5
standard,BCwave_b15n1s-10,1.5,1,-10,50.0,1.9428310675753488,0.08542157356135069,34.5
standard,BCwave_b15n1s-10,1.5,1,-10,100.0,7.652703188525306,0.2082935392149966,34.5
standard,BCwave_b15n1s-10,1.5,1,-10,150.0,13.445056992106968,0.32595590016239484,34.5
standard,BCwave_b15n1s-10,1.5,1,-10,200.0,17.862335597144234,0.32482866822456835,34.5
standard,BCwave_b15n1s-10,1.5,1,-10,250.0,20.705799690882365,0.23666905216720738,34.5
standard,BCwave_b15n1s-10,1.5,1,-10,300.0,22.179176478915743,0.11251150128212753,34.5
standard,BCwave_b15n1s-10,1.5,1,-10,400.0,22.12580443488227,0.14484914570563132,34.5
standard,BCwave_b15n1s-10,1.5,1,-10,500.0,19.619473960664536,0.3552571730722196,34.5
standard,BCwave_b15n1s-10,1.5,1,-10,600.0,15.932714578840468,0.504711213964613,34.5
standard,BCwave_b15n1s-10,1.5,1,-10,700.0,11.805749413702223,0.5963359904016963,34.5
standard,BCwave_b15n1s-10,1.5,1,-10,850.0,5.633665664990743,0.6732112136142837,34.5
standard,BCwave_b15n1s-10,1.5,1,-10,925.0,2.736036936442057,0.7028238386134433,34.5
standard,BCwave_b15n1s-10,1.5,1,-10,975.0,0.9022720537251896,0.7078975234750113,34.5
standard,BCwave_b15n1s-10,1.5,1,-10,1000.0,0.01841606149056487,0.7032962467380302,34.5
standard,BCwave_b15n1s-5,1.5,1,-5,10.0,0.02790634530247189,0.05444842335665361,39.5
standard,BCwave_b15n1s-5,1.5,1,-5,50.0,1.9442224257522158,0.09634137636859245,39.5
standard,BCwave_b15n1s-5,1.5,1,-5,100.0,7.654391623867882,0.2353557953281214,39.5
standard,BCwave_b15n1s-5,1.5,1,-5,150.0,13.446495318412781,0.3645416435023422,39.5
standard,BCwave_b15n1s-5,1.5,1,-5,200.0,17.863490713967217,0.3551672228477451,39.5
standard,BCwave_b15n1s-5,1.5,1,-5,250.0,20.706783962249755,0.2539037896891514,39.5
standard,BCwave_b15n1s-5,1.5,1,-5,300.0,22.18011145061917,0.1192611213496704,39.5
standard,BCwave_b15n1s-5,1.5,1,-5,400.0,22.126941363016766,0.152526460843104,39.5
standard,BCwave_b15n1s-5,1.5,1,-5,500.0,19.620980670717028,0.3777282578258121,39.5
standard,BCwave_b15n1s-5,1.5,1,-5,600.0,15.934394330448574,0.546939565263684,39.5
standard,BCwave_b15n1s-5,1.5,1,-5,700.0,11.807325673103332,0.6597760970911654,39.5
standard,BCwave_b15n1s-5,1.5,1,-5,850.0,5.634862075911628,0.7624433606086071,39.5
standard,BCwave_b15n1s-5,1.5,1,-5,925.0,2.7370459298292795,0.8009454187978036,39.5
standard,BCwave_b15n1s-5,1.5,1,-5,975.0,0.9031632781028748,0.8081183209686691,39.5
standard,BCwave_b15n1s-5,1.5,1,-5,1000.0,0.019362432479521078,0.8032804967196957,39.5
standard,BCwave_b15n1,1.5,1,0,10.0,0.028592118783207197,0.05996602957589818,44.5
standard,BCwave_b15n1,1.5,1,0,50.0,1.9454624013768302,0.10667526924233989,44.5
standard,BCwave_b15n1,1.5,1,0,100.0,7.655764997005463,0.26117324454969043,44.5
standard,BCwave_b15n1,1.5,1,0,150.0,13.447458420859443,0.39986989695279995,44.5
standard,BCwave_b15n1,1.5,1,0,200.0,17.864028432634143,0.3803651271315863,44.5
standard,BCwave_b15n1,1.5,1,0,250.0,20.707038153542413,0.26690830762077655,44.5
standard,BCwave_b15n1,1.5,1,0,300.0,22.18027252621121,0.12398477775387201,44.5
standard,BCwave_b15n1,1.5,1,0,400.0,22.127364746729533,0.157588774100448,44.5
standard,BCwave_b15n1,1.5,1,0,500.0,19.621942165162828,0.39348010087139945,44.5
standard,BCwave_b15n1,1.5,1,0,600.0,15.935676627688938,0.5795597914952275,44.5
standard,BCwave_b15n1,1.5,1,0,700.0,11.808621480729844,0.7134243115246799,44.5
standard,BCwave_b15n1,1.5,1,0,850.0,5.635882914066315,0.8461233201396053,44.5
standard,BCwave_b15n1,1.5,1,0,925.0,2.7378834426403045,0.8964590294587673,44.5
standard,BCwave_b15n1,1.5,1,0,975.0,0.9039036234219869,0.9067164908142424,44.5
standard,BCwave_b15n1,1.5,1,0,1000.0,0.020151395946916433,0.9016390984619018,44.5
standard,BCwave_b15n1s5,1.5,1,5,10.0,0.02995468748655791,0.0650141016280899,49.5
standard,BCwave_b15n1s5,1.5,1,5,50.0,1.9476197885142432,0.11633718938564745,49.5
standard,BCwave_b15n1s5,1.5,1,5,100.0,7.657999379105038,0.2855244616176681,49.5
standard,BCwave_b15n1s5,1.5,1,5,150.0,13.449091386795043,0.43174667924541527,49.5
standard,BCwave_b15n1s5,1.5,1,5,200.0,17.865028280682033,0.4008953536260035,49.5
standard,BCwave_b15n1s5,1.5,1,5,250.0,20.707620424694486,0.27648445865038107,49.5
standard,BCwave_b15n1s5,1.5,1,5,300.0,22.180669434865315,0.12717403367904265,49.5
standard,BCwave_b15n1s5,1.5,1,5,400.0,22.127959744135538,0.16075415883778316,49.5
standard,BCwave_b15n1s5,1.5,1,5,500.0,19.623105637232463,0.4039554859797587,49.5
standard,BCwave_b15n1s5,1.5,1,5,600.0,15.937279550234477,0.60346126616336,49.5
standard,BCwave_b15n1s5,1.5,1,5,700.0,11.810384726524353,0.7564313908642082,49.5
standard,BCwave_b15n1s5,1.5,1,5,850.0,5.637653017044068,0.9215830820250362,49.5
standard,BCwave_b15n1s5,1.5,1,5,925.0,2.739629689852397,0.9873612493378029,49.5
standard,BCwave_b15n1s5,1.5,1,5,975.0,0.9056342701117198,1.0026407335740235,49.5
standard,BCwave_b15n1s5,1.5,1,5,1000.0,0.022074343567465526,0.9977145825746468,49.5
standard,BCwave_b15n1s10,1.5,1,10,10.0,0.031608982128091156,0.06955734524541743,54.5
standard,BCwave_b15n1s10,1.5,1,10,50.0,1.9498274799850253,0.1252227946164717,54.5
standard,BCwave_b15n1s10,1.5,1,10,100.0,7.6599182062678866,0.3081508457074349,54.5
standard,BCwave_b15n1s10,1.5,1,10,150.0,13.450128229459127,0.4600583447004498,54.5
standard,BCwave_b15n1s10,1.5,1,10,200.0,17.865198294321697,0.4173453468635674,54.5
standard,BCwave_b15n1s10,1.5,1,10,250.0,20.707205110126072,0.2833846084412662,54.5
standard,BCwave_b15n1s10,1.5,1,10,300.0,22.179973930782744,0.12925027025953337,54.5
standard,BCwave_b15n1s10,1.5,1,10,400.0,22.127452855639987,0.16259575881606245,54.5
standard,BCwave_b15n1s10,1.5,1,10,500.0,19.623317294650608,0.41057088584348495,54.5
standard,BCwave_b15n1s10,1.5,1,10,600.0,15.938128831651476,0.6202881330143327,54.5
standard,BCwave_b15n1s10,1.5,1,10,700.0,11.81159679889679,0.7895948270857266,54.5
standard,BCwave_b15n1s10,1.5,1,10,850.0,5.639122456974453,0.9875515682974567,54.5
standard,BCwave_b15n1s10,1.5,1,10,925.0,2.7412295632892185,1.0719971028466646,54.5
standard,BCwave_b15n1s10,1.5,1,10,975.0,0.9073093652725219,1.0966258165353853,54.5
standard,BCwave_b15n1s10,1.5,1,10,1000.0,0.02402122420783428,1.0944622394837247,54.5
standard,BCwave_b15n3s-10,1.5,3,-10,10.0,0.0273246593398249,0.048430844958901244,34.5
standard,BCwave_b15n3s-10,1.5,3,-10,50.0,1.9399370223283767,0.08539689140744466,34.5
standard,BCwave_b15n3s-10,1.5,3,-10,100.0,7.641219317913055,0.20836285878507926,34.5
standard,BCwave_b15n3s-10,1.5,3,-10,150.0,13.424861131774055,0.32512897987777656,34.5
standard,BCwave_b15n3s-10,1.5,3,-10,200.0,17.835488266415066,0.32181235745579695,34.5
standard,BCwave_b15n3s-10,1.5,3,-10,250.0,20.67467065387302,0.23306107466449807,34.5
standard,BCwave_b15n3s-10,1.5,3,-10,300.0,22.145833089616563,0.11035357157035573,34.5
standard,BCwave_b15n3s-10,1.5,3,-10,400.0,22.092556142807005,0.14172683234765016,34.5
standard,BCwave_b15n3s-10,1.5,3,-10,500.0,19.59000918070475,0.3484734422053686,34.5
standard,BCwave_b15n3s-10,1.5,3,-10,600.0,15.90882093111674,0.49757113904771527,34.5
standard,BCwave_b15n3s-10,1.5,3,-10,700.0,11.788073582119411,0.5911150565803763,34.5
standard,BCwave_b15n3s-10,1.5,3,-10,850.0,5.625272479322222,0.6720192123782924,34.5
standard,BCwave_b15n3s-10,1.5,3,-10,925.0,2.732007874382867,0.703750832372643,34.5
standard,BCwave_b15n3s-10,1.5,3,-10,975.0,0.9010051045152876,0.7099048879861339,34.5
standard,BCwave_b15n3s-10,1.5,3,-10,1000.0,0.018463800742410462,0.7056180958329316,34.5
standard,BCwave_b15n3s-5,1.5,3,-5,10.0,0.027956920426933922,0.05437255485375984,39.5
standard,BCwave_b15n3s-5,1.5,3,-5,50.0,1.9415505230426788,0.09619199595695135,39.5
standard,BCwave_b15n3s-5,1.5,3,-5,100.0,7.643695991569095,0.2349887234855036,39.5
standard,BCwave_b15n3s-5,1.5,3,-5,150.0,13.42766244676378,0.3641322875056202,39.5
standard,BCwave_b15n3s-5,1.5,3,-5,200.0,17.83844894833035,0.3550080415169688,39.5
standard,BCwave_b15n3s-5,1.5,3,-5,250.0,20.67774756219652,0.25390136542596076,39.5
standard,BCwave_b15n3s-5,1.5,3,-5,300.0,22.14901271396213,0.11929090722733714,39.5
standard,BCwave_b15n3s-5,1.5,3,-5,400.0,22.095918973286945,0.1525978940312023,39.5
standard,BCwave_b15n3s-5,1.5,3,-5,500.0,19.5934931702084,0.37790825810508466,39.5
standard,BCwave_b15n3s-5,1.5,3,-5,600.0,15.912097613016764,0.5471106758768796,39.5
standard,BCwave_b15n3s-5,1.5,3,-5,700.0,11.790838175349766,0.6597818592467027,39.5
standard,BCwave_b15n3s-5,1.5,3,-5,850.0,5.627047440740797,0.7620088307934892,39.5
standard,BCwave_b15n3s-5,1.5,3,-5,925.0,2.7333041886488596,0.8002708850944918,39.5
standard,BCwave_b15n3s-5,1.5,3,-5,975.0,0.9019908279180526,0.8067859845111235,39.5
standard,BCwave_b15n3s-5,1.5,3,-5,1000.0,0.019450891613164205,0.8014058581699356,39.5
standard,BCwave_b15n3,1.5,3,0,10.0,0.028633863630562296,0.05989224698831388,44.5
standard,BCwave_b15n3,1.5,3,0,50.0,1.942826055486997,0.1063450751556097,44.5
standard,BCwave_b15n3,1.5,3,0,100.0,7.645255728562673,0.2601653092682393,44.5
standard,BCwave_b15n3,1.5,3,0,150.0,13.428970983293322,0.400011918091674,44.5
standard,BCwave_b15n3,1.5,3,0,200.0,17.83946657710605,0.38368637432800606,44.5
standard,BCwave_b15n3,1.5,3,0,250.0,20.67858508957757,0.270921018913387,44.5
standard,BCwave_b15n3,1.5,3,0,300.0,22.14980999098884,0.1263176556187678,44.5
standard,BCwave_b15n3,1.5,3,0,400.0,22.096984301673043,0.16092285506189713,44.5
standard,BCwave_b15n3,1.5,3,0,500.0,19.59499260054694,0.4011068476009879,44.5
standard,BCwave_b15n3,1.5,3,0,600.0,15.913793545299106,0.5883050521201795,44.5
standard,BCwave_b15n3,1.5,3,0,700.0,11.792429961098565,0.7202278745017847,44.5
standard,BCwave_b15n3,1.5,3,0,850.0,5.628209703498417,0.8467354662721626,44.5
standard,BCwave_b15n3,1.5,3,0,925.0,2.7342115236653224,0.8932191585199528,44.5
standard,BCwave_b15n3,1.5,3,0,975.0,0.9027469797266854,0.9006658851828894,44.5
standard,BCwave_b15n3,1.5,3,0,1000.0,0.020256923467387524,0.8942452062326055,44.5
standard,BCwave_b15n3s5,1.5,3,5,10.0,0.03005245034194862,0.06494904775333162,49.5
standard,BCwave_b15n3s5,1.5,3,5,50.0,1.945174440410402,0.11578462032182911,49.5
standard,BCwave_b15n3s5,1.5,3,5,100.0,7.648122278849284,0.28370426164289847,49.5
standard,BCwave_b15n3s5,1.5,3,5,150.0,13.43170513312022,0.432590194553009,49.5
standard,BCwave_b15n3s5,1.5,3,5,200.0,17.841920222176444,0.408069456978784,49.5
standard,BCwave_b15n3s5,1.5,3,5,250.0,20.680832688013712,0.2845744000255122,49.5
standard,BCwave_b15n3s5,1.5,3,5,300.0,22.151982932620577,0.13172870571350123,49.5
standard,BCwave_b15n3s5,1.5,3,5,400.0,22.099344465467667,0.16714533583818944,49.5
standard,BCwave_b15n3s5,1.5,3,5,500.0,19.597744470172458,0.41879912683659515,49.5
standard,BCwave_b15n3s5,1.5,3,5,600.0,15.916702850659687,0.6211502339964267,49.5
standard,BCwave_b15n3s5,1.5,3,5,700.0,11.795167541503906,0.7709908949116133,49.5
standard,BCwave_b15n3s5,1.5,3,5,850.0,5.630451656712426,0.9234929550256727,49.5
standard,BCwave_b15n3s5,1.5,3,5,925.0,2.7362020240889655,0.980457452091003,49.5
standard,BCwave_b15n3s5,1.5,3,5,975.0,0.9045906527174844,0.9901643832594114,49.5
standard,BCwave_b15n3s5,1.5,3,5,1000.0,0.02219639682372774,0.9830846394648508,49.5
standard,BCwave_b15n3s10,1.5,3,10,10.0,0.03166113196639344,0.06949460737365154,54.5
standard,BCwave_b15n3s10,1.5,3,10,50.0,1.9472343544165294,0.12439177713313027,54.5
standard,BCwave_b15n3s10,1.5,3,10,100.0,7.649571821424696,0.30530821979873685,54.5
standard,BCwave_b15n3s10,1.5,3,10,150.0,13.431902278794183,0.46162276477253744,54.5
standard,BCwave_b15n3s10,1.5,3,10,200.0,17.840987979041206,0.42841087299229064,54.5
standard,BCwave_b15n3s10,1.5,3,10,250.0,20.67914677725898,0.29531350450515487,54.5
standard,BCwave_b15n3s10,1.5,3,10,300.0,22.14993495941162,0.13580985083211197,54.5
standard,BCwave_b15n3s10,1.5,3,10,400.0,22.097505569458008,0.17167278985304046,54.5
standard,BCwave_b15n3s10,1.5,3,10,500.0,19.596761878331503,0.43189449980978073,54.5
standard,BCwave_b15n3s10,1.5,3,10,600.0,15.91656584209866,0.6464171605022591,54.5
standard,BCwave_b15n3s10,1.5,3,10,700.0,11.79564480251736,0.8119400160053065,54.5
standard,BCwave_b15n3s10,1.5,3,10,850.0,5.631574499607086,0.990644553147013,54.5
standard,BCwave_b15n3s10,1.5,3,10,925.0,2.737617858250936,1.0603158896578002,54.5
standard,BCwave_b15n3s10,1.5,3,10,975.0,0.906203087998761,1.0747022952898464,54.5
standard,BCwave_b15n3s10,1.5,3,10,1000.0,0.0241138489289003,1.068206864391305,54.5
standard,BCwave_b15n6s-10,1.5,6,-10,10.0,0.02726578277716827,0.048320502895250875,34.5
standard,BCwave_b15n6s-10,1.5,6,-10,50.0,1.935539107521375,0.08524156080273042,34.5
standard,BCwave_b15n6s-10,1.5,6,-10,100.0,7.623997371726566,0.2080283121031718,34.5
standard,BCwave_b15n6s-10,1.5,6,-10,150.0,13.394621120558845,0.3242714766380128,34.5
standard,BCwave_b15n6s-10,1.5,6,-10,200.0,17.79530578189426,0.3202052735976959,34.5
standard,BCwave_b15n6s-10,1.5,6,-10,250.0,20.628088262346054,0.2314228545150746,34.5
standard,BCwave_b15n6s-10,1.5,6,-10,300.0,22.095935810936822,0.10943182322930264,34.5
standard,BCwave_b15n6s-10,1.5,6,-10,400.0,22.042800399992203,0.14042586107321464,34.5
standard,BCwave_b15n6s-10,1.5,6,-10,500.0,19.54592367808024,0.3455574053074228,34.5
standard,BCwave_b15n6s-10,1.5,6,-10,600.0,15.873051102956136,0.4942321279116742,34.5
standard,BCwave_b15n6s-10,1.5,6,-10,700.0,11.761591641108195,0.5882323712352219,34.5
standard,BCwave_b15n6s-10,1.5,6,-10,850.0,5.612661757734087,0.6703670116535526,34.5
standard,BCwave_b15n6s-10,1.5,6,-10,925.0,2.725906855530209,0.7028527051800278,34.5
standard,BCwave_b15n6s-10,1.5,6,-10,975.0,0.8990189206269052,0.7089454226493943,34.5
standard,BCwave_b15n6s-10,1.5,6,-10,1000.0,0.01843288466909851,0.7043299419511532,34.5
standard,BCwave_b15n6s-5,1.5,6,-5,10.0,0.027947809275550146,0.05426053563400779,39.5
standard,BCwave_b15n6s-5,1.5,6,-5,50.0,1.9374675985839631,0.095958426512629,39.5
standard,BCwave_b15n6s-5,1.5,6,-5,100.0,7.627638602256775,0.23438646536747215,39.5
standard,BCwave_b15n6s-5,1.5,6,-5,150.0,13.399446492724948,0.3634968766450399,39.5
standard,BCwave_b15n6s-5,1.5,6,-5,200.0,17.800954839918347,0.3549872255369029,39.5
standard,BCwave_b15n6s-5,1.5,6,-5,250.0,20.634275648328995,0.25422850027998767,39.5
standard,BCwave_b15n6s-5,1.5,6,-5,300.0,22.10244459046258,0.11954631599080012,39.5
standard,BCwave_b15n6s-5,1.5,6,-5,400.0,22.04948225021362,0.15300493636568682,39.5
standard,BCwave_b15n6s-5,1.5,6,-5,500.0,19.552331495285035,0.378761500996281,39.5
standard,BCwave_b15n6s-5,1.5,6,-5,600.0,15.878685877058242,0.5478162666151165,39.5
standard,BCwave_b15n6s-5,1.5,6,-5,700.0,11.766092252731323,0.6598508123194896,39.5
standard,BCwave_b15n6s-5,1.5,6,-5,850.0,5.615272390842438,0.7607729550807921,39.5
standard,BCwave_b15n6s-5,1.5,6,-5,925.0,2.72760468588935,0.7983135289329616,39.5
standard,BCwave_b15n6s-5,1.5,6,-5,975.0,0.9001435736815134,0.8040858735235613,39.5
standard,BCwave_b15n6s-5,1.5,6,-5,1000.0,0.01943638055506906,0.7982536957672481,39.5
standard,BCwave_b15n6,1.5,6,0,10.0,0.028606108821339956,0.05977565426665836,44.5
standard,BCwave_b15n6,1.5,6,0,50.0,1.938797515630722,0.10599977980263028,44.5
standard,BCwave_b15n6,1.5,6,0,100.0,7.629477402899,0.25918037421042656,44.5
standard,BCwave_b15n6,1.5,6,0,150.0,13.401285950342814,0.3996545864107135,44.5
standard,BCwave_b15n6,1.5,6,0,200.0,17.802707952923246,0.38561960622178754,44.5
standard,BCwave_b15n6,1.5,6,0,250.0,20.636000458399455,0.27353184908606626,44.5
standard,BCwave_b15n6,1.5,6,0,300.0,22.104212888081868,0.12788918500776142,44.5
standard,BCwave_b15n6,1.5,6,0,400.0,22.051490052541098,0.1632049037659803,44.5
standard,BCwave_b15n6,1.5,6,0,500.0,19.554639524883694,0.40624306905843255,44.5
standard,BCwave_b15n6,1.5,6,0,600.0,15.88101773262024,0.5939357990659854,44.5
standard,BCwave_b15n6,1.5,6,0,700.0,11.768145100275676,0.7241826671253473,44.5
standard,BCwave_b15n6,1.5,6,0,850.0,5.616637712054782,0.8460329739719559,44.5
standard,BCwave_b15n6,1.5,6,0,925.0,2.728603435887231,0.8897896305355457,44.5
standard,BCwave_b15n6,1.5,6,0,975.0,0.9009181055757735,0.8951395974628606,44.5
standard,BCwave_b15n6,1.5,6,0,1000.0,0.020221413572431225,0.8876499958530542,44.5
standard,BCwave_b15n6s5,1.5,6,5,10.0,0.030073921617844866,0.06483565291617016,49.5
standard,BCwave_b15n6s5,1.5,6,5,50.0,1.9413937502437169,0.11531441821664418,49.5
standard,BCwave_b15n6s5,1.5,6,5,100.0,7.633248227172428,0.2822712040746257,49.5
standard,BCwave_b15n6s5,1.5,6,5,150.0,13.405607128143311,0.43261629887981184,49.5
standard,BCwave_b15n6s5,1.5,6,5,200.0,17.8072695573171,0.41223833666548526,49.5
standard,BCwave_b15n6s5,1.5,6,5,250.0,20.640680334303113,0.28962807823819087,49.5
standard,BCwave_b15n6s5,1.5,6,5,300.0,22.10898715655009,0.13465624345512522,49.5
standard,BCwave_b15n6s5,1.5,6,5,400.0,22.056459871927895,0.17131419754785623,49.5
standard,BCwave_b15n6s5,1.5,6,5,500.0,19.559716526667277,0.4283664934789858,49.5
standard,BCwave_b15n6s5,1.5,6,5,600.0,15.885824754503037,0.6321806718039347,49.5
standard,BCwave_b15n6s5,1.5,6,5,700.0,11.772296860482957,0.7795208580179842,49.5
standard,BCwave_b15n6s5,1.5,6,5,850.0,5.61955977678299,0.9235626480899704,49.5
standard,BCwave_b15n6s5,1.5,6,5,925.0,2.730943167209625,0.975166757664107,49.5
standard,BCwave_b15n6s5,1.5,6,5,975.0,0.9028948465983073,0.9811735428802675,49.5
standard,BCwave_b15n6s5,1.5,6,5,1000.0,0.02219535108517145,0.9724216294722948,49.5
standard,BCwave_b15n6s10,1.5,6,10,10.0,0.031644867425267065,0.06937235458896952,54.5
standard,BCwave_b15n6s10,1.5,6,10,50.0,1.943256108959516,0.12375567474974968,54.5
standard,BCwave_b15n6s10,1.5,6,10,100.0,7.6339822305573355,0.30329490566955414,54.5
standard,BCwave_b15n6s10,1.5,6,10,150.0,13.404568547672696,0.46198860312730017,54.5
standard,BCwave_b15n6s10,1.5,6,10,200.0,17.804699632856583,0.43483332186629325,54.5
standard,BCwave_b15n6s10,1.5,6,10,250.0,20.637102593315973,0.3027249184856361,54.5
standard,BCwave_b15n6s10,1.5,6,10,300.0,22.104908265007868,0.14000722134069063,54.5
standard,BCwave_b15n6s10,1.5,6,10,400.0,22.052593019273544,0.17757604400818966,54.5
standard,BCwave_b15n6s10,1.5,6,10,500.0,19.55694473584493,0.4455957048399212,54.5
standard,BCwave_b15n6s10,1.5,6,10,600.0,15.884234918488396,0.6626670382255376,54.5
standard,BCwave_b15n6s10,1.5,6,10,700.0,11.771698355674744,0.8250576138622372,54.5
standard,BCwave_b15n6s10,1.5,6,10,850.0,5.6201748013496395,0.9912720536586331,54.5
standard,BCwave_b15n6s10,1.5,6,10,925.0,2.7321151905589636,1.052288898834354,54.5
standard,BCwave_b15n6s10,1.5,6,10,975.0,0.9044270558489693,1.0612373700826387,54.5
standard,BCwave_b15n6s10,1.5,6,10,1000.0,0.0241591277467238,1.0526415384507648,54.5
standard,BCwave_b2n1s-10,2.0,1,-10,10.0,0.8038535194264518,0.006736611979160898,34.5
standard,BCwave_b2n1s-10,2.0,1,-10,50.0,11.147286306487189,0.17249843127884756,34.5
standard,BCwave_b2n1s-10,2.0,1,-10,100.0,21.4596404393514,0.24721715796091467,34.5
standard,BCwave_b2n1s-10,2.0,1,-10,150.0,27.061270803875395,0.2381059312739669,34.5
standard,BCwave_b2n1s-10,2.0,1,-10,200.0,29.52688691351149,0.11971596883015269,34.5
standard,BCwave_b2n1s-10,2.0,1,-10,250.0,30.04828028678894,0.02387620476771325,34.5
standard,BCwave_b2n1s-10,2.0,1,-10,300.0,29.361481051974827,0.1569647102175205,34.5
standard,BCwave_b2n1s-10,2.0,1,-10,400.0,26.015839433670045,0.36735791086496894,34.5
standard,BCwave_b2n1s-10,2.0,1,-10,500.0,21.52042512893677,0.508081284853286,34.5
standard,BCwave_b2n1s-10,2.0,1,-10,600.0,16.752283308241104,0.5946169681924983,34.5
standard,BCwave_b2n1s-10,2.0,1,-10,700.0,12.097732792960272,0.6421996182375546,34.5
standard,BCwave_b2n1s-10,2.0,1,-10,850.0,5.662143210570018,0.6828445251605091,34.5
standard,BCwave_b2n1s-10,2.0,1,-10,925.0,2.739158687988917,0.704462456826275,34.5
standard,BCwave_b2n1s-10,2.0,1,-10,975.0,0.9023438235123952,0.7083733638380771,34.5
standard,BCwave_b2n1s-10,2.0,1,-10,1000.0,0.018414892210512335,0.7039869448580034,34.5
standard,BCwave_b2n1s-5,2.0,1,-5,10.0,0.8049135754505793,0.007608454418078663,39.5
standard,BCwave_b2n1s-5,2.0,1,-5,50.0,11.149111821916367,0.19394009231837508,39.5
standard,BCwave_b2n1s-5,2.0,1,-5,100.0,21.46134957737393,0.27533990485833887,39.5
standard,BCwave_b2n1s-5,2.0,1,-5,150.0,27.062943691677518,0.25932193124074693,39.5
standard,BCwave_b2n1s-5,2.0,1,-5,200.0,29.528636598587035,0.12817773391798118,39.5
standard,BCwave_b2n1s-5,2.0,1,-5,250.0,30.05013700061374,0.025417648355588726,39.5
standard,BCwave_b2n1s-5,2.0,1,-5,300.0,29.36345282130771,0.16724942958353792,39.5
standard,BCwave_b2n1s-5,2.0,1,-5,400.0,26.017997561560737,0.39512079617066087,39.5
standard,BCwave_b2n1s-5,2.0,1,-5,500.0,21.52262219323052,0.55453528451376,39.5
standard,BCwave_b2n1s-5,2.0,1,-5,600.0,16.754298734664918,0.659918689594299,39.5
standard,BCwave_b2n1s-5,2.0,1,-5,700.0,12.099427882830302,0.7235432476339116,39.5
standard,BCwave_b2n1s-5,2.0,1,-5,850.0,5.663356982337104,0.7801619707229984,39.5
standard,BCwave_b2n1s-5,2.0,1,-5,925.0,2.7401779611905415,0.8063233634148282,39.5
standard,BCwave_b2n1s-5,2.0,1,-5,975.0,0.9032330688503053,0.8091663574339022,39.5
standard,BCwave_b2n1s-5,2.0,1,-5,1000.0,0.019364149858746613,0.8028173702496966,39.5
standard,BCwave_b2n1,2.0,1,0,10.0,0.8059855851862165,0.008434529116240787,44.5
standard,BCwave_b2n1,2.0,1,0,50.0,11.150476082166035,0.2139826071432326,44.5
standard,BCwave_b2n1,2.0,1,0,100.0,21.46220349205865,0.30063548372935534,44.5
standard,BCwave_b2n1,2.0,1,0,150.0,27.063567707273695,0.27660216472595794,44.5
standard,BCwave_b2n1,2.0,1,0,200.0,29.52927844789293,0.13448519978949194,44.5
standard,BCwave_b2n1,2.0,1,0,250.0,30.050940789116755,0.02651507656705468,44.5
standard,BCwave_b2n1,2.0,1,0,300.0,29.364461141162447,0.17466518812011247,44.5
standard,BCwave_b2n1,2.0,1,0,400.0,26.019419458177353,0.41621606758699004,44.5
standard,BCwave_b2n1,2.0,1,0,500.0,21.524290619956123,0.592272679159214,44.5
standard,BCwave_b2n1,2.0,1,0,600.0,16.755912240346273,0.7165200715656241,44.5
standard,BCwave_b2n1,2.0,1,0,700.0,12.100830115212334,0.7980932040499689,44.5
standard,BCwave_b2n1,2.0,1,0,850.0,5.664353292518192,0.8748391838246053,44.5
standard,BCwave_b2n1,2.0,1,0,925.0,2.740961323181788,0.9073393415985646,44.5
standard,BCwave_b2n1,2.0,1,0,975.0,0.9039159148931504,0.9091908964785453,44.5
standard,BCwave_b2n1,2.0,1,0,1000.0,0.020092810878675968,0.9004856981754056,44.5
standard,BCwave_b2n1s5,2.0,1,5,10.0,0.8079293310642243,0.009215022971168076,49.5
standard,BCwave_b2n1s5,2.0,1,5,50.0,11.152794138590496,0.2324722538840894,49.5
standard,BCwave_b2n1s5,2.0,1,5,100.0,21.463755814234414,0.3230207638123681,49.5
standard,BCwave_b2n1s5,2.0,1,5,150.0,27.064608393775092,0.2903791023475357,49.5
standard,BCwave_b2n1s5,2.0,1,5,200.0,29.530154853396944,0.13905009016941383,49.5
standard,BCwave_b2n1s5,2.0,1,5,250.0,30.051863119337295,0.027284172312057618,49.5
standard,BCwave_b2n1s5,2.0,1,5,300.0,29.365547704696656,0.1798562198015471,49.5
standard,BCwave_b2n1s5,2.0,1,5,400.0,26.020948870976767,0.4317769948386222,49.5
standard,BCwave_b2n1s5,2.0,1,5,500.0,21.526189533869424,0.6219228990575568,49.5
standard,BCwave_b2n1s5,2.0,1,5,600.0,16.757949055565728,0.7636753451035625,49.5
standard,BCwave_b2n1s5,2.0,1,5,700.0,12.102816825442844,0.8635688060045944,49.5
standard,BCwave_b2n1s5,2.0,1,5,850.0,5.666244861814711,0.9639376935331627,49.5
standard,BCwave_b2n1s5,2.0,1,5,925.0,2.742819755607181,1.0052751142820218,49.5
standard,BCwave_b2n1s5,2.0,1,5,975.0,0.9057664651009771,1.0076659845542364,49.5
standard,BCwave_b2n1s5,2.0,1,5,1000.0,0.02211689887110645,0.9972071711569733,49.5
standard,BCwave_b2n1s10,2.0,1,10,10.0,0.8099294079674615,0.009934122347051592,54.5
standard,BCwave_b2n1s10,2.0,1,10,50.0,11.154474369684856,0.2492503764630268,54.5
standard,BCwave_b2n1s10,2.0,1,10,100.0,21.464088424046835,0.3424881286709789,54.5
standard,BCwave_b2n1s10,2.0,1,10,150.0,27.06413527064853,0.3011555355944994,54.5
standard,BCwave_b2n1s10,2.0,1,10,200.0,29.52938420507643,0.14227245542076586,54.5
standard,BCwave_b2n1s10,2.0,1,10,250.0,30.051130384869047,0.02779685755578595,54.5
standard,BCwave_b2n1s10,2.0,1,10,300.0,29.365023851394653,0.18336183119200514,54.5
standard,BCwave_b2n1s10,2.0,1,10,400.0,26.021080758836533,0.44295666090633706,54.5
standard,BCwave_b2n1s10,2.0,1,10,500.0,21.526935005187987,0.6446469230824627,54.5
standard,BCwave_b2n1s10,2.0,1,10,600.0,16.759040043089126,0.8018103726907803,54.5
standard,BCwave_b2n1s10,2.0,1,10,700.0,12.104100187619528,0.9191822651810136,54.5
standard,BCwave_b2n1s10,2.0,1,10,850.0,5.667706599500444,1.0455702149643982,54.5
standard,BCwave_b2n1s10,2.0,1,10,925.0,2.744383431143231,1.098792637365914,54.5
standard,BCwave_b2n1s10,2.0,1,10,975.0,0.9074157431721688,1.104333447796697,54.5
standard,BCwave_b2n1s10,2.0,1,10,1000.0,0.0240117013600905,1.0933180885644287,54.5
standard,BCwave_b2n3s-10,2.0,3,-10,10.0,0.8026076366504034,0.006734066107489504,34.5
standard,BCwave_b2n3s-10,2.0,3,-10,50.0,11.130481500095792,0.1723040701756418,34.5
standard,BCwave_b2n3s-10,2.0,3,-10,100.0,21.427315696080527,0.24626233615327386,34.5
standard,BCwave_b2n3s-10,2.0,3,-10,150.0,27.020506387286716,0.2355614812549054,34.5
standard,BCwave_b2n3s-10,2.0,3,-10,200.0,29.48241206804911,0.11778579941876974,34.5
standard,BCwave_b2n3s-10,2.0,3,-10,250.0,30.003033468458387,0.023449172075539162,34.5
standard,BCwave_b2n3s-10,2.0,3,-10,300.0,29.317285548316107,0.15418483337596134,34.5
standard,BCwave_b2n3s-10,2.0,3,-10,400.0,25.976724433898926,0.36187827241042364,34.5
standard,BCwave_b2n3s-10,2.0,3,-10,500.0,21.488103183110557,0.5025322649244689,34.5
standard,BCwave_b2n3s-10,2.0,3,-10,600.0,16.727163293626575,0.5905382604206314,34.5
standard,BCwave_b2n3s-10,2.0,3,-10,700.0,12.079616075091892,0.640042874370591,34.5
standard,BCwave_b2n3s-10,2.0,3,-10,850.0,5.653700445757972,0.6833605866197096,34.5
standard,BCwave_b2n3s-10,2.0,3,-10,925.0,2.7351112286249797,0.7062603339169655,34.5
standard,BCwave_b2n3s-10,2.0,3,-10,975.0,0.901058302488592,0.7105709566847592,34.5
standard,BCwave_b2n3s-10,2.0,3,-10,1000.0,0.018451277642973055,0.7061378207224378,34.5
standard,BCwave_b2n3s-5,2.0,3,-5,10.0,0.8037950929668215,0.007596523938263746,39.5
standard,BCwave_b2n3s-5,2.0,3,-5,50.0,11.13345270951589,0.19366800068192674,39.5
standard,BCwave_b2n3s-5,2.0,3,-5,100.0,21.431200302971735,0.2750414747638171,39.5
standard,BCwave_b2n3s-5,2.0,3,-5,150.0,27.024922582838272,0.259188783705296,39.5
standard,BCwave_b2n3s-5,2.0,3,-5,200.0,29.48715223736233,0.1281555022892139,39.5
standard,BCwave_b2n3s-5,2.0,3,-5,250.0,30.007936350504558,0.025413349486335553,39.5
standard,BCwave_b2n3s-5,2.0,3,-5,300.0,29.322233486175538,0.16724040599834444,39.5
standard,BCwave_b2n3s-5,2.0,3,-5,400.0,25.98150594499376,0.39511009576942563,39.5
standard,BCwave_b2n3s-5,2.0,3,-5,500.0,21.492464711931017,0.5544808710200201,39.5
standard,BCwave_b2n3s-5,2.0,3,-5,600.0,16.73084307776557,0.6597473305277091,39.5
standard,BCwave_b2n3s-5,2.0,3,-5,700.0,12.082521073023479,0.7231878404554232,39.5
standard,BCwave_b2n3s-5,2.0,3,-5,850.0,5.655488518873851,0.779498539660247,39.5
standard,BCwave_b2n3s-5,2.0,3,-5,925.0,2.7364072733455234,0.8055583039887562,39.5
standard,BCwave_b2n3s-5,2.0,3,-5,975.0,0.9020471062925127,0.8080210072191772,39.5
standard,BCwave_b2n3s-5,2.0,3,-5,1000.0,0.01944277370558767,0.8013355622804287,39.5
standard,BCwave_b2n3,2.0,3,0,10.0,0.8048449617293146,0.008409372933366398,44.5
standard,BCwave_b2n3,2.0,3,0,50.0,11.135082231627571,0.21359459714974308,44.5
standard,BCwave_b2n3,2.0,3,0,100.0,21.432602077060274,0.30120902524731846,44.5
standard,BCwave_b2n3,2.0,3,0,150.0,27.026281796561346,0.2793603133216019,44.5
standard,BCwave_b2n3,2.0,3,0,200.0,29.48862453566657,0.1365715841698662,44.5
standard,BCwave_b2n3,2.0,3,0,250.0,30.00957989162869,0.02696786460476873,44.5
standard,BCwave_b2n3,2.0,3,0,300.0,29.32404458787706,0.1776520083624054,44.5
standard,BCwave_b2n3,2.0,3,0,400.0,25.983592722151016,0.4223781420841345,44.5
standard,BCwave_b2n3,2.0,3,0,500.0,21.494645224677193,0.5988666036013663,44.5
standard,BCwave_b2n3,2.0,3,0,600.0,16.732840299606323,0.7214854008306284,44.5
standard,BCwave_b2n3,2.0,3,0,700.0,12.084186617533366,0.8002915348252772,44.5
standard,BCwave_b2n3,2.0,3,0,850.0,5.6565967387623255,0.8722632480649937,44.5
standard,BCwave_b2n3,2.0,3,0,925.0,2.7372431450419956,0.9022324750972958,44.5
standard,BCwave_b2n3,2.0,3,0,975.0,0.9027303043338988,0.9029404299340585,44.5
standard,BCwave_b2n3,2.0,3,0,1000.0,0.020156906346735722,0.8940017028217292,44.5
standard,BCwave_b2n3s5,2.0,3,5,10.0,0.8068975634045071,0.009172194307217146,49.5
standard,BCwave_b2n3s5,2.0,3,5,50.0,11.138286034266153,0.23195597103224355,49.5
standard,BCwave_b2n3s5,2.0,3,5,100.0,21.43589209980435,0.3246698899503199,49.5
standard,BCwave_b2n3s5,2.0,3,5,150.0,27.029508368174234,0.2962892901679018,49.5
standard,BCwave_b2n3s5,2.0,3,5,200.0,29.491871923870512,0.14326461581020916,49.5
standard,BCwave_b2n3s5,2.0,3,5,250.0,30.01291479534573,0.028185861088662934,49.5
standard,BCwave_b2n3s5,2.0,3,5,300.0,29.327495341830783,0.18579995638109878,49.5
standard,BCwave_b2n3s5,2.0,3,5,400.0,25.98723384009467,0.4442602948704557,49.5
standard,BCwave_b2n3s5,2.0,3,5,500.0,21.498305379019843,0.6357393677456455,49.5
standard,BCwave_b2n3s5,2.0,3,5,600.0,16.736251428392197,0.7746306646344951,49.5
standard,BCwave_b2n3s5,2.0,3,5,700.0,12.08716365231408,0.8689484892495322,49.5
standard,BCwave_b2n3s5,2.0,3,5,850.0,5.658952856063843,0.9587363929131093,49.5
standard,BCwave_b2n3s5,2.0,3,5,925.0,2.7393343018160925,0.9943284922532404,49.5
standard,BCwave_b2n3s5,2.0,3,5,975.0,0.904673581984308,0.9934970917817756,49.5
standard,BCwave_b2n3s5,2.0,3,5,1000.0,0.022209982042729986,0.9819106962990329,49.5
standard,BCwave_b2n3s10,2.0,3,10,10.0,0.8087723973724578,0.009871523501098581,54.5
standard,BCwave_b2n3s10,2.0,3,10,50.0,11.139259950319927,0.24855115665210184,54.5
standard,BCwave_b2n3s10,2.0,3,10,100.0,21.43489882681105,0.345292418618795,54.5
standard,BCwave_b2n3s10,2.0,3,10,150.0,27.02736382484436,0.3102104217263999,54.5
standard,BCwave_b2n3s10,2.0,3,10,200.0,29.489292171266342,0.14848017125554275,54.5
standard,BCwave_b2n3s10,2.0,3,10,250.0,30.010342423121134,0.02911106702965427,54.5
standard,BCwave_b2n3s10,2.0,3,10,300.0,29.325172408421835,0.1920239411496463,54.5
standard,BCwave_b2n3s10,2.0,3,10,400.0,25.985768026775784,0.4614080748078193,54.5
standard,BCwave_b2n3s10,2.0,3,10,500.0,21.49772161377801,0.6655732140455568,54.5
standard,BCwave_b2n3s10,2.0,3,10,600.0,16.736315610673692,0.8189169431110529,54.5
standard,BCwave_b2n3s10,2.0,3,10,700.0,12.087695296605428,0.927858423816602,54.5
standard,BCwave_b2n3s10,2.0,3,10,850.0,5.660051825311449,1.0366962662281682,54.5
standard,BCwave_b2n3s10,2.0,3,10,925.0,2.7407196236981286,1.0797205688001117,54.5
standard,BCwave_b2n3s10,2.0,3,10,975.0,0.9062411447366079,1.07992603223388,54.5
standard,BCwave_b2n3s10,2.0,3,10,1000.0,0.024073782773771767,1.0673323404033466,54.5
standard,BCwave_b2n6s-10,2.0,6,-10,10.0,0.8006665526164902,0.006721829174184573,34.5
standard,BCwave_b2n6s-10,2.0,6,-10,50.0,11.105301123195224,0.17193833257411154,34.5
standard,BCwave_b2n6s-10,2.0,6,-10,100.0,21.37894623014662,0.2455011802730485,34.5
standard,BCwave_b2n6s-10,2.0,6,-10,150.0,26.959497986899482,0.23427724048323192,34.5
standard,BCwave_b2n6s-10,2.0,6,-10,200.0,29.415855487187702,0.11692816605152415,34.5
standard,BCwave_b2n6s-10,2.0,6,-10,250.0,29.935331964492796,0.023260591738839716,34.5
standard,BCwave_b2n6s-10,2.0,6,-10,300.0,29.25117245250278,0.15297195816517406,34.5
standard,BCwave_b2n6s-10,2.0,6,-10,400.0,25.91821550263299,0.35936963558293117,34.5
standard,BCwave_b2n6s-10,2.0,6,-10,500.0,21.43975451787313,0.4997222878958992,34.5
standard,BCwave_b2n6s-10,2.0,6,-10,600.0,16.689549864663018,0.5880532184687886,34.5
standard,BCwave_b2n6s-10,2.0,6,-10,700.0,12.052467041545444,0.6381245425210144,34.5
standard,BCwave_b2n6s-10,2.0,6,-10,850.0,5.640993930233849,0.6822820903501047,34.5
standard,BCwave_b2n6s-10,2.0,6,-10,925.0,2.728963914182451,0.7056248201660698,34.5
standard,BCwave_b2n6s-10,2.0,6,-10,975.0,0.8990301258034177,0.7093575363392983,34.5
standard,BCwave_b2n6s-10,2.0,6,-10,1000.0,0.018348025034826302,0.7042261819630575,34.5
standard,BCwave_b2n6s-5,2.0,6,-5,10.0,0.7973818313744333,0.007753692469919937,40.5
standard,BCwave_b2n6s-5,2.0,6,-5,50.0,11.10739812321133,0.19742302308829643,40.5
standard,BCwave_b2n6s-5,2.0,6,-5,100.0,21.38525914086236,0.27970714974996475,40.5
standard,BCwave_b2n6s-5,2.0,6,-5,150.0,26.96813021765815,0.2621161894391322,40.5
standard,BCwave_b2n6s-5,2.0,6,-5,200.0,29.425620730717977,0.1290701227692461,40.5
standard,BCwave_b2n6s-5,2.0,6,-5,250.0,29.94545359081692,0.025554470039785046,40.5
standard,BCwave_b2n6s-5,2.0,6,-5,300.0,29.261147832870485,0.1682340329832102,40.5
standard,BCwave_b2n6s-5,2.0,6,-5,400.0,25.927012591891817,0.3983762729597241,40.5
standard,BCwave_b2n6s-5,2.0,6,-5,500.0,21.446720462375218,0.5610446066295985,40.5
standard,BCwave_b2n6s-5,2.0,6,-5,600.0,16.69425967004564,0.6702519035207998,40.5
standard,BCwave_b2n6s-5,2.0,6,-5,700.0,12.054807721243964,0.7374290011068403,40.5
standard,BCwave_b2n6s-5,2.0,6,-5,850.0,5.640010199281904,0.7978297437332565,40.5
standard,BCwave_b2n6s-5,2.0,6,-5,925.0,2.726470845275455,0.8251136720106964,40.5
standard,BCwave_b2n6s-5,2.0,6,-5,975.0,0.8956034314301279,0.8267935916543846,40.5
standard,BCwave_b2n6s-5,2.0,6,-5,1000.0,0.014617199897313388,0.8191255967762986,40.5
standard,BCwave_b2n6,2.0,6,0,10.0,0.8030313495132658,0.008382440170840067,44.5
standard,BCwave_b2n6,2.0,6,0,50.0,11.111981386608548,0.2130882091646919,44.5
standard,BCwave_b2n6,2.0,6,0,100.0,21.3883010758294,0.3012755051493885,44.5
standard,BCwave_b2n6,2.0,6,0,150.0,26.970499515533447,0.2810315622106722,44.5
standard,BCwave_b2n6,2.0,6,0,200.0,29.427805593278674,0.13794490082541852,44.5
standard,BCwave_b2n6,2.0,6,0,250.0,29.947704717848037,0.027269677064711118,44.5
standard,BCwave_b2n6,2.0,6,0,300.0,29.26358059247335,0.17964410889136373,44.5
standard,BCwave_b2n6,2.0,6,0,400.0,25.92998334566752,0.4263768067998706,44.5
standard,BCwave_b2n6,2.0,6,0,500.0,21.450264432695178,0.6028912465754607,44.5
standard,BCwave_b2n6,2.0,6,0,600.0,16.698267952601114,0.7241152225131778,44.5
standard,BCwave_b2n6,2.0,6,0,700.0,12.05920111073388,0.8008120469207145,44.5
standard,BCwave_b2n6,2.0,6,0,850.0,5.644881639215681,0.86934977045697,44.5
standard,BCwave_b2n6,2.0,6,0,925.0,2.7315517677201164,0.897622403000498,44.5
standard,BCwave_b2n6,2.0,6,0,975.0,0.9008234719435374,0.8970161450427684,44.5
standard,BCwave_b2n6,2.0,6,0,1000.0,0.020032526016964564,0.8873982035129556,44.5
standard,BCwave_b2n6s5,2.0,6,5,10.0,0.8052108299401072,0.009135357483683151,49.5
standard,BCwave_b2n6s5,2.0,6,5,50.0,11.11649312178294,0.23137316677133862,49.5
standard,BCwave_b2n6s5,2.0,6,5,100.0,21.394115326139662,0.32533219469057184,49.5
standard,BCwave_b2n6s5,2.0,6,5,150.0,26.976897366841634,0.29979666160767227,49.5
standard,BCwave_b2n6s5,2.0,6,5,200.0,29.43449756304423,0.1459133531718794,49.5
standard,BCwave_b2n6s5,2.0,6,5,250.0,29.954551945792304,0.02875720623586973,49.5
standard,BCwave_b2n6s5,2.0,6,5,300.0,29.27047979036967,0.1895763988454539,49.5
standard,BCwave_b2n6s5,2.0,6,5,400.0,25.936718898349337,0.4520401303266533,49.5
standard,BCwave_b2n6s5,2.0,6,5,500.0,21.45651543405321,0.6440232903707647,49.5
standard,BCwave_b2n6s5,2.0,6,5,600.0,16.70371274418301,0.7807298171985911,49.5
standard,BCwave_b2n6s5,2.0,6,5,700.0,12.0636574877633,0.871288742972073,49.5
standard,BCwave_b2n6s5,2.0,6,5,850.0,5.6479254245758055,0.9544151345963333,49.5
standard,BCwave_b2n6s5,2.0,6,5,925.0,2.733983512719472,0.9865313740095144,49.5
standard,BCwave_b2n6s5,2.0,6,5,975.0,0.9028834735353788,0.9839658215605702,49.5
standard,BCwave_b2n6s5,2.0,6,5,1000.0,0.022106796769104323,0.9718823998766037,49.5
standard,BCwave_b2n6s10,2.0,6,10,10.0,0.8069314112265905,0.009822512734475125,54.5
standard,BCwave_b2n6s10,2.0,6,10,50.0,11.11640453868442,0.2478364187972976,54.5
standard,BCwave_b2n6s10,2.0,6,10,100.0,21.391143639882404,0.34655419547957156,54.5
standard,BCwave_b2n6s10,2.0,6,10,150.0,26.97226676940918,0.3155618292358024,54.5
standard,BCwave_b2n6s10,2.0,6,10,200.0,29.429213105307685,0.15235836362108673,54.5
standard,BCwave_b2n6s10,2.0,6,10,250.0,29.949233738581338,0.029939164651049233,54.5
standard,BCwave_b2n6s10,2.0,6,10,300.0,29.26547858450148,0.19749854880368767,54.5
standard,BCwave_b2n6s10,2.0,6,10,400.0,25.9328809844123,0.47285289283982507,54.5
standard,BCwave_b2n6s10,2.0,6,10,500.0,21.45396563741896,0.6780890696721653,54.5
standard,BCwave_b2n6s10,2.0,6,10,600.0,16.702236080169676,0.8285368227285228,54.5
standard,BCwave_b2n6s10,2.0,6,10,700.0,12.063067078590393,0.931983550981598,54.5
standard,BCwave_b2n6s10,2.0,6,10,850.0,5.6484917004903155,1.0303739206641156,54.5
standard,BCwave_b2n6s10,2.0,6,10,925.0,2.7350862476560804,1.0678086424538267,54.5
standard,BCwave_b2n6s10,2.0,6,10,975.0,0.9043445736169815,1.065277945881536,54.5
standard,BCwave_b2n6s10,2.0,6,10,1000.0,0.024002152592263175,1.0519212834868286,54.5
u30,BCwave_b1_u30_n1_s-10,1.0,1,-10,10.0,0.013428955931400803,0.009550724892264018,34.5
u30,BCwave_b1_u30_n1_s-10,1.0,1,-10,50.0,0.038029058432827396,0.010710522904879463,34.5
u30,BCwave_b1_u30_n1_s-10,1.0,1,-10,100.0,0.79301638007164,0.08221099885059861,34.5
u30,BCwave_b1_u30_n1_s-10,1.0,1,-10,150.0,3.60108726421992,0.27180309108326817,34.5
u30,BCwave_b1_u30_n1_s-10,1.0,1,-10,200.0,8.429801326327853,0.4944055813941194,34.5
u30,BCwave_b1_u30_n1_s-10,1.0,1,-10,250.0,14.211177738507589,0.6411014467329654,34.5
u30,BCwave_b1_u30_n1_s-10,1.0,1,-10,300.0,19.813423305087618,0.6694377242583562,34.5
u30,BCwave_b1_u30_n1_s-10,1.0,1,-10,400.0,27.7786797258589,0.41705432177774004,34.5
u30,BCwave_b1_u30_n1_s-10,1.0,1,-10,500.0,30.069840987523396,0.06893732594963371,34.5
u30,BCwave_b1_u30_n1_s-10,1.0,1,-10,600.0,27.569074058532713,0.5929691156002597,34.5
u30,BCwave_b1_u30_n1_s-10,1.0,1,-10,700.0,21.985396416982017,0.980722406188845,34.5
u30,BCwave_b1_u30_n1_s-10,1.0,1,-10,850.0,11.08086032072703,1.3016978020851178,34.5
u30,BCwave_b1_u30_n1_s-10,1.0,1,-10,925.0,5.433116363154517,1.3896847257621872,34.5
u30,BCwave_b1_u30_n1_s-10,1.0,1,-10,975.0,1.785615493191613,1.398718347504577,34.5
u30,BCwave_b1_u30_n1_s-10,1.0,1,-10,1000.0,0.019691655485434643,1.3861861267251079,34.5
u30,BCwave_b1_u30_n1_s-5,1.0,1,-5,10.0,0.013299665047573702,0.010726138213364203,39.5
u30,BCwave_b1_u30_n1_s-5,1.0,1,-5,50.0,0.037998458073707296,0.012060623664791742,39.5
u30,BCwave_b1_u30_n1_s-5,1.0,1,-5,100.0,0.7937495220038626,0.09355010426909632,39.5
u30,BCwave_b1_u30_n1_s-5,1.0,1,-5,150.0,3.6028043700589074,0.3178801546891381,39.5
u30,BCwave_b1_u30_n1_s-5,1.0,1,-5,200.0,8.431825587484571,0.5838729899774212,39.5
u30,BCwave_b1_u30_n1_s-5,1.0,1,-5,250.0,14.212766337394715,0.7380296985068954,39.5
u30,BCwave_b1_u30_n1_s-5,1.0,1,-5,300.0,19.814184014002482,0.734676807979823,39.5
u30,BCwave_b1_u30_n1_s-5,1.0,1,-5,400.0,27.77804487016466,0.41424050520725875,39.5
u30,BCwave_b1_u30_n1_s-5,1.0,1,-5,500.0,30.069520934422812,0.06467379718239971,39.5
u30,BCwave_b1_u30_n1_s-5,1.0,1,-5,600.0,27.569956392712065,0.5595484448538992,39.5
u30,BCwave_b1_u30_n1_s-5,1.0,1,-5,700.0,21.986908022562663,0.9707136917611907,39.5
u30,BCwave_b1_u30_n1_s-5,1.0,1,-5,850.0,11.082102518611483,1.4075727897982624,39.5
u30,BCwave_b1_u30_n1_s-5,1.0,1,-5,925.0,5.434028282430437,1.5649646975179297,39.5
u30,BCwave_b1_u30_n1_s-5,1.0,1,-5,975.0,1.786301334367858,1.6146742265646705,39.5
u30,BCwave_b1_u30_n1_s-5,1.0,1,-5,1000.0,0.02055069757033309,1.6183724174242333,39.5
u30,BCwave_b1_u30_n1_s0,1.0,1,0,10.0,0.013260064532692519,0.01182082044415879,44.5
u30,BCwave_b1_u30_n1_s0,1.0,1,0,50.0,0.037822370843787215,0.013325950365490393,44.5
u30,BCwave_b1_u30_n1_s0,1.0,1,0,100.0,0.794217337999079,0.10466284427963327,44.5
u30,BCwave_b1_u30_n1_s0,1.0,1,0,150.0,3.6042307595411938,0.36825280481113787,44.5
u30,BCwave_b1_u30_n1_s0,1.0,1,0,200.0,8.433562607235379,0.6857432848352182,44.5
u30,BCwave_b1_u30_n1_s0,1.0,1,0,250.0,14.213959283298916,0.837917997553156,44.5
u30,BCwave_b1_u30_n1_s0,1.0,1,0,300.0,19.814331897099812,0.7898953264029992,44.5
u30,BCwave_b1_u30_n1_s0,1.0,1,0,400.0,27.77636071840922,0.40876249131351794,44.5
u30,BCwave_b1_u30_n1_s0,1.0,1,0,500.0,30.06809990670946,0.061426885064257086,44.5
u30,BCwave_b1_u30_n1_s0,1.0,1,0,600.0,27.569982952541775,0.5333588498519274,44.5
u30,BCwave_b1_u30_n1_s0,1.0,1,0,700.0,21.98789642651876,0.9540280369113817,44.5
u30,BCwave_b1_u30_n1_s0,1.0,1,0,850.0,11.08316097524431,1.488406318582357,44.5
u30,BCwave_b1_u30_n1_s0,1.0,1,0,925.0,5.4348003135787115,1.7294065730465091,44.5
u30,BCwave_b1_u30_n1_s0,1.0,1,0,975.0,1.7868764373991224,1.838982786849059,44.5
u30,BCwave_b1_u30_n1_s0,1.0,1,0,1000.0,0.02125511534198318,1.8695323437163167,44.5
u30,BCwave_b1_u30_n1_s5,1.0,1,5,10.0,0.013894942921534594,0.012823317961641255,49.5
u30,BCwave_b1_u30_n1_s5,1.0,1,5,50.0,0.038613085081386896,0.01450335170915401,49.5
u30,BCwave_b1_u30_n1_s5,1.0,1,5,100.0,0.7958605041106542,0.11546160794568136,49.5
u30,BCwave_b1_u30_n1_s5,1.0,1,5,150.0,3.606769682963689,0.4241251384524741,49.5
u30,BCwave_b1_u30_n1_s5,1.0,1,5,200.0,8.436162437333001,0.8052420993591262,49.5
u30,BCwave_b1_u30_n1_s5,1.0,1,5,250.0,14.215757664044698,0.9411633084062374,49.5
u30,BCwave_b1_u30_n1_s5,1.0,1,5,300.0,19.81485539012485,0.8358772949408718,49.5
u30,BCwave_b1_u30_n1_s5,1.0,1,5,400.0,27.774684577518038,0.4024362182135246,49.5
u30,BCwave_b1_u30_n1_s5,1.0,1,5,500.0,30.06654060151842,0.05888776042455675,49.5
u30,BCwave_b1_u30_n1_s5,1.0,1,5,600.0,27.569951629638673,0.5124401390790312,49.5
u30,BCwave_b1_u30_n1_s5,1.0,1,5,700.0,21.988991912206014,0.9351427864902334,49.5
u30,BCwave_b1_u30_n1_s5,1.0,1,5,850.0,11.084742694430881,1.5473305333112775,49.5
u30,BCwave_b1_u30_n1_s5,1.0,1,5,925.0,5.436380252573225,1.8814435604374782,49.5
u30,BCwave_b1_u30_n1_s5,1.0,1,5,975.0,1.7884484509627023,2.075365926666242,49.5
u30,BCwave_b1_u30_n1_s5,1.0,1,5,1000.0,0.02325315033886884,2.150193278338273,49.5
u30,BCwave_b1_u30_n1_s10,1.0,1,10,10.0,0.014844192850351748,0.013726629999491893,54.5
u30,BCwave_b1_u30_n1_s10,1.0,1,10,50.0,0.03956995896749302,0.015573188393063287,54.5
u30,BCwave_b1_u30_n1_s10,1.0,1,10,100.0,0.7974535652332836,0.12581058966658226,54.5
u30,BCwave_b1_u30_n1_s10,1.0,1,10,150.0,3.609125626087189,0.48689030230676555,54.5
u30,BCwave_b1_u30_n1_s10,1.0,1,10,200.0,8.438445899221632,0.9503893857384436,54.5
u30,BCwave_b1_u30_n1_s10,1.0,1,10,250.0,14.21702667872111,1.0479478042630412,54.5
u30,BCwave_b1_u30_n1_s10,1.0,1,10,300.0,19.814561812082925,0.873692693248,54.5
u30,BCwave_b1_u30_n1_s10,1.0,1,10,400.0,27.771648565928142,0.39614590497751173,54.5
u30,BCwave_b1_u30_n1_s10,1.0,1,10,500.0,30.06339635848999,0.0568662501916997,54.5
u30,BCwave_b1_u30_n1_s10,1.0,1,10,600.0,27.568446185853745,0.4956290630881911,54.5
u30,BCwave_b1_u30_n1_s10,1.0,1,10,700.0,21.988859282599556,0.9169215848098154,54.5
u30,BCwave_b1_u30_n1_s10,1.0,1,10,850.0,11.085513668590123,1.5900082070310109,54.5
u30,BCwave_b1_u30_n1_s10,1.0,1,10,925.0,5.4374193933275015,2.0222425735726968,54.5
u30,BCwave_b1_u30_n1_s10,1.0,1,10,975.0,1.7896472142802344,2.322466818951616,54.5
u30,BCwave_b1_u30_n1_s10,1.0,1,10,1000.0,0.025153795770044476,2.4589220484401904,54.5
u30,BCwave_b1_u30_n3_s-10,1.0,3,-10,10.0,0.013609297913757878,0.009534755186823347,34.5
u30,BCwave_b1_u30_n3_s-10,1.0,3,-10,50.0,0.038102601393539874,0.010699052586146814,34.5
u30,BCwave_b1_u30_n3_s-10,1.0,3,-10,100.0,0.7919344337450134,0.08238568506878888,34.5
u30,BCwave_b1_u30_n3_s-10,1.0,3,-10,150.0,3.59579177763727,0.27450410062351754,34.5
u30,BCwave_b1_u30_n3_s-10,1.0,3,-10,200.0,8.417246015866597,0.5008325700638794,34.5
u30,BCwave_b1_u30_n3_s-10,1.0,3,-10,250.0,14.18993231985304,0.6451101247253652,34.5
u30,BCwave_b1_u30_n3_s-10,1.0,3,-10,300.0,19.783752658632068,0.6642225536126909,34.5
u30,BCwave_b1_u30_n3_s-10,1.0,3,-10,400.0,27.737018140157065,0.4000836132244436,34.5
u30,BCwave_b1_u30_n3_s-10,1.0,3,-10,500.0,30.024739196565417,0.06472585233213089,34.5
u30,BCwave_b1_u30_n3_s-10,1.0,3,-10,600.0,27.527770238452486,0.5573985675581854,34.5
u30,BCwave_b1_u30_n3_s-10,1.0,3,-10,700.0,21.95254193941752,0.93816494518117,34.5
u30,BCwave_b1_u30_n3_s-10,1.0,3,-10,850.0,11.06444390349918,1.2842474461675688,34.5
u30,BCwave_b1_u30_n3_s-10,1.0,3,-10,925.0,5.4251895520422195,1.3902148898370437,34.5
u30,BCwave_b1_u30_n3_s-10,1.0,3,-10,975.0,1.7831757813692093,1.4107841502799825,34.5
u30,BCwave_b1_u30_n3_s-10,1.0,3,-10,1000.0,0.019899553975644975,1.4030547138097795,34.5
u30,BCwave_b1_u30_n3_s-5,1.0,3,-5,10.0,0.013593982975044128,0.010712730322341015,39.5
u30,BCwave_b1_u30_n3_s-5,1.0,3,-5,50.0,0.03815268545553813,0.012042261551973604,39.5
u30,BCwave_b1_u30_n3_s-5,1.0,3,-5,100.0,0.7928214892745018,0.09337345377203554,39.5
u30,BCwave_b1_u30_n3_s-5,1.0,3,-5,150.0,3.5979307181305353,0.3169829303323479,39.5
u30,BCwave_b1_u30_n3_s-5,1.0,3,-5,200.0,8.420181589656407,0.5822148244060935,39.5
u30,BCwave_b1_u30_n3_s-5,1.0,3,-5,250.0,14.193015008502536,0.7368469330730467,39.5
u30,BCwave_b1_u30_n3_s-5,1.0,3,-5,300.0,19.786576641930473,0.7345805119949081,39.5
u30,BCwave_b1_u30_n3_s-5,1.0,3,-5,400.0,27.739256408479477,0.41499193440613336,39.5
u30,BCwave_b1_u30_n3_s-5,1.0,3,-5,500.0,30.027516730626424,0.06485050763495519,39.5
u30,BCwave_b1_u30_n3_s-5,1.0,3,-5,600.0,27.531472852494982,0.5613587696214467,39.5
u30,BCwave_b1_u30_n3_s-5,1.0,3,-5,700.0,21.956299580468073,0.9739555477173192,39.5
u30,BCwave_b1_u30_n3_s-5,1.0,3,-5,850.0,11.066844850116306,1.4111699541345397,39.5
u30,BCwave_b1_u30_n3_s-5,1.0,3,-5,925.0,5.42670007414288,1.5676777667082222,39.5
u30,BCwave_b1_u30_n3_s-5,1.0,3,-5,975.0,1.784095475739903,1.615633536766725,39.5
u30,BCwave_b1_u30_n3_s-5,1.0,3,-5,1000.0,0.020860234163642924,1.6180815239812818,39.5
u30,BCwave_b1_u30_n3_s0,1.0,3,0,10.0,0.013599411646929285,0.011809849791965981,44.5
u30,BCwave_b1_u30_n3_s0,1.0,3,0,50.0,0.038007048221091584,0.013297246803745007,44.5
u30,BCwave_b1_u30_n3_s0,1.0,3,0,100.0,0.7933116381367048,0.10395678127015376,44.5
u30,BCwave_b1_u30_n3_s0,1.0,3,0,150.0,3.5994324028491973,0.3610369312064499,44.5
u30,BCwave_b1_u30_n3_s0,1.0,3,0,200.0,8.422085576587254,0.6689723065287917,44.5
u30,BCwave_b1_u30_n3_s0,1.0,3,0,250.0,14.194511397679646,0.82822909657581,44.5
u30,BCwave_b1_u30_n3_s0,1.0,3,0,300.0,19.787192180421616,0.7960778321520049,44.5
u30,BCwave_b1_u30_n3_s0,1.0,3,0,400.0,27.738360177146063,0.42347027760000744,44.5
u30,BCwave_b1_u30_n3_s0,1.0,3,0,500.0,30.026989205678305,0.06435141915345981,44.5
u30,BCwave_b1_u30_n3_s0,1.0,3,0,600.0,27.532282219992744,0.5591033233623566,44.5
u30,BCwave_b1_u30_n3_s0,1.0,3,0,700.0,21.957861296335857,0.9928909639978851,44.5
u30,BCwave_b1_u30_n3_s0,1.0,3,0,850.0,11.06817127333747,1.5161785956463019,44.5
u30,BCwave_b1_u30_n3_s0,1.0,3,0,925.0,5.427616920736101,1.734163201534738,44.5
u30,BCwave_b1_u30_n3_s0,1.0,3,0,975.0,1.7847292764319314,1.8209537498172428,44.5
u30,BCwave_b1_u30_n3_s0,1.0,3,0,1000.0,0.02162478807298006,1.8393881213153376,44.5
u30,BCwave_b1_u30_n3_s5,1.0,3,5,10.0,0.014337576675784981,0.0128170967043629,49.5
u30,BCwave_b1_u30_n3_s5,1.0,3,5,50.0,0.03887657108765173,0.014463244909592284,49.5
u30,BCwave_b1_u30_n3_s5,1.0,3,5,100.0,0.7950851122538248,0.11405338378126223,49.5
u30,BCwave_b1_u30_n3_s5,1.0,3,5,150.0,3.60232034722964,0.406785390566927,49.5
u30,BCwave_b1_u30_n3_s5,1.0,3,5,200.0,8.42543536292182,0.7622716917714643,49.5
u30,BCwave_b1_u30_n3_s5,1.0,3,5,250.0,14.19753643936581,0.9189500944554808,49.5
u30,BCwave_b1_u30_n3_s5,1.0,3,5,300.0,19.789397054248386,0.8490648705327254,49.5
u30,BCwave_b1_u30_n3_s5,1.0,3,5,400.0,27.738971381717256,0.4277656069620611,49.5
u30,BCwave_b1_u30_n3_s5,1.0,3,5,500.0,30.027892631954618,0.06357716200779262,49.5
u30,BCwave_b1_u30_n3_s5,1.0,3,5,600.0,27.534536536534628,0.5536977324489716,49.5
u30,BCwave_b1_u30_n3_s5,1.0,3,5,700.0,21.9608237001631,1.0003236413816505,49.5
u30,BCwave_b1_u30_n3_s5,1.0,3,5,850.0,11.070727655622694,1.5993903216343703,49.5
u30,BCwave_b1_u30_n3_s5,1.0,3,5,925.0,5.429706513881683,1.8876380941960562,49.5
u30,BCwave_b1_u30_n3_s5,1.0,3,5,975.0,1.786520994371838,2.0272697523045773,49.5
u30,BCwave_b1_u30_n3_s5,1.0,3,5,1000.0,0.023650311083174023,2.0698311175198567,49.5
u30,BCwave_b1_u30_n3_s10,1.0,3,10,10.0,0.0152825390423661,0.013724152754583708,54.5
u30,BCwave_b1_u30_n3_s10,1.0,3,10,50.0,0.03983496025321074,0.015518725051262144,54.5
u30,BCwave_b1_u30_n3_s10,1.0,3,10,100.0,0.796654975745413,0.12350981584960667,54.5
u30,BCwave_b1_u30_n3_s10,1.0,3,10,150.0,3.604468246963289,0.4539706995187094,54.5
u30,BCwave_b1_u30_n3_s10,1.0,3,10,200.0,8.427221626705593,0.8628434906761383,54.5
u30,BCwave_b1_u30_n3_s10,1.0,3,10,250.0,14.197962925169204,1.0081106824134434,54.5
u30,BCwave_b1_u30_n3_s10,1.0,3,10,300.0,19.78793233765496,0.8939585955385412,54.5
u30,BCwave_b1_u30_n3_s10,1.0,3,10,400.0,27.734301371044584,0.42941609211531784,54.5
u30,BCwave_b1_u30_n3_s10,1.0,3,10,500.0,30.022958988613553,0.06271892908091369,54.5
u30,BCwave_b1_u30_n3_s10,1.0,3,10,600.0,27.531356472439235,0.5470824860356848,54.5
u30,BCwave_b1_u30_n3_s10,1.0,3,10,700.0,21.959358840518526,1.0009448693476555,54.5
u30,BCwave_b1_u30_n3_s10,1.0,3,10,850.0,11.070858563317193,1.664141378569906,54.5
u30,BCwave_b1_u30_n3_s10,1.0,3,10,925.0,5.430427112844256,2.0277925430691384,54.5
u30,BCwave_b1_u30_n3_s10,1.0,3,10,975.0,1.7876299748818079,2.2352031091545075,54.5
u30,BCwave_b1_u30_n3_s10,1.0,3,10,1000.0,0.02547015974431588,2.3126355534206513,54.5
u30,BCwave_b1_u30_n6_s-10,1.0,6,-10,10.0,0.013789740059883116,0.00951345157366657,34.5
u30,BCwave_b1_u30_n6_s-10,1.0,6,-10,50.0,0.03812712104214976,0.010676104183503784,34.5
u30,BCwave_b1_u30_n6_s-10,1.0,6,-10,100.0,0.7902318512399992,0.08230769022821281,34.5
u30,BCwave_b1_u30_n6_s-10,1.0,6,-10,150.0,3.587810205750995,0.27501356339883193,34.5
u30,BCwave_b1_u30_n6_s-10,1.0,6,-10,200.0,8.398457339074877,0.5022930501670738,34.5
u30,BCwave_b1_u30_n6_s-10,1.0,6,-10,250.0,14.158187023798625,0.6453832437857947,34.5
u30,BCwave_b1_u30_n6_s-10,1.0,6,-10,300.0,19.739412212371825,0.6612097228578048,34.5
u30,BCwave_b1_u30_n6_s-10,1.0,6,-10,400.0,27.674722109900582,0.3938895487982884,34.5
u30,BCwave_b1_u30_n6_s-10,1.0,6,-10,500.0,29.957265435324775,0.06330658722322517,34.5
u30,BCwave_b1_u30_n6_s-10,1.0,6,-10,600.0,27.46597627533807,0.5453300456472921,34.5
u30,BCwave_b1_u30_n6_s-10,1.0,6,-10,700.0,21.90337850252787,0.9226367143600511,34.5
u30,BCwave_b1_u30_n6_s-10,1.0,6,-10,850.0,11.03983540534973,1.275553965151664,34.5
u30,BCwave_b1_u30_n6_s-10,1.0,6,-10,925.0,5.413251345687442,1.3872876857250867,34.5
u30,BCwave_b1_u30_n6_s-10,1.0,6,-10,975.0,1.7794193281067743,1.4110348798505505,34.5
u30,BCwave_b1_u30_n6_s-10,1.0,6,-10,1000.0,0.02004295509882973,1.4043219469913273,34.5
u30,BCwave_b1_u30_n6_s-5,1.0,6,-5,10.0,0.01388388206748156,0.010692691736225233,39.5
u30,BCwave_b1_u30_n6_s-5,1.0,6,-5,50.0,0.038249342237638,0.012014526387502056,39.5
u30,BCwave_b1_u30_n6_s-5,1.0,6,-5,100.0,0.7913050452868143,0.09308371119807109,39.5
u30,BCwave_b1_u30_n6_s-5,1.0,6,-5,150.0,3.590546029806137,0.3152970208626752,39.5
u30,BCwave_b1_u30_n6_s-5,1.0,6,-5,200.0,8.402709947692024,0.5786912145647676,39.5
u30,BCwave_b1_u30_n6_s-5,1.0,6,-5,250.0,14.163443761401707,0.7339933698369553,39.5
u30,BCwave_b1_u30_n6_s-5,1.0,6,-5,300.0,19.745261647966174,0.7344401389193679,39.5
u30,BCwave_b1_u30_n6_s-5,1.0,6,-5,400.0,27.681204493840536,0.4176702998296311,39.5
u30,BCwave_b1_u30_n6_s-5,1.0,6,-5,500.0,29.964626693725585,0.06548719524778204,39.5
u30,BCwave_b1_u30_n6_s-5,1.0,6,-5,600.0,27.473839558495417,0.5669552739574855,39.5
u30,BCwave_b1_u30_n6_s-5,1.0,6,-5,700.0,21.9104218588935,0.9814894072906093,39.5
u30,BCwave_b1_u30_n6_s-5,1.0,6,-5,850.0,11.043882359398737,1.4144491940404436,39.5
u30,BCwave_b1_u30_n6_s-5,1.0,6,-5,925.0,5.415581780009799,1.566235282684608,39.5
u30,BCwave_b1_u30_n6_s-5,1.0,6,-5,975.0,1.7806217826075024,1.6088077837853083,39.5
u30,BCwave_b1_u30_n6_s-5,1.0,6,-5,1000.0,0.021004907778438386,1.607950113788974,39.5
u30,BCwave_b1_u30_n6_s0,1.0,6,0,10.0,0.013929262385095677,0.011790694433398011,44.5
u30,BCwave_b1_u30_n6_s0,1.0,6,0,50.0,0.03810565592591754,0.01326229013031919,44.5
u30,BCwave_b1_u30_n6_s0,1.0,6,0,100.0,0.7918127142720752,0.10336069499093314,44.5
u30,BCwave_b1_u30_n6_s0,1.0,6,0,150.0,3.5921436058150396,0.3558608304916632,44.5
u30,BCwave_b1_u30_n6_s0,1.0,6,0,200.0,8.404847492112054,0.6571960481771825,44.5
u30,BCwave_b1_u30_n6_s0,1.0,6,0,250.0,14.16537745528751,0.8206148898204159,44.5
u30,BCwave_b1_u30_n6_s0,1.0,6,0,300.0,19.746572918362087,0.7994841863086032,44.5
u30,BCwave_b1_u30_n6_s0,1.0,6,0,400.0,27.681498034795126,0.4342920661257514,44.5
u30,BCwave_b1_u30_n6_s0,1.0,6,0,500.0,29.965455447302926,0.06660225016277761,44.5
u30,BCwave_b1_u30_n6_s0,1.0,6,0,600.0,27.475817044576008,0.578870772447046,44.5
u30,BCwave_b1_u30_n6_s0,1.0,6,0,700.0,21.912816132439506,1.0216850867006713,44.5
u30,BCwave_b1_u30_n6_s0,1.0,6,0,850.0,11.045581600401137,1.533759053040125,44.5
u30,BCwave_b1_u30_n6_s0,1.0,6,0,925.0,5.416681679089864,1.7341966858360587,44.5
u30,BCwave_b1_u30_n6_s0,1.0,6,0,975.0,1.78131107489268,1.804582799158748,44.5
u30,BCwave_b1_u30_n6_s0,1.0,6,0,1000.0,0.02179794122220705,1.8144129416184307,44.5
u30,BCwave_b1_u30_n6_s5,1.0,6,5,10.0,0.014790181512659236,0.012800071958536986,49.5
u30,BCwave_b1_u30_n6_s5,1.0,6,5,50.0,0.039077453401680236,0.01442102347691749,49.5
u30,BCwave_b1_u30_n6_s5,1.0,6,5,100.0,0.7937465483943621,0.1130778478936031,49.5
u30,BCwave_b1_u30_n6_s5,1.0,6,5,150.0,3.595521585146586,0.39660670033592144,49.5
u30,BCwave_b1_u30_n6_s5,1.0,6,5,200.0,8.409280572997199,0.7380155799008218,49.5
u30,BCwave_b1_u30_n6_s5,1.0,6,5,250.0,14.170197754436069,0.9048769260439476,49.5
u30,BCwave_b1_u30_n6_s5,1.0,6,5,300.0,19.75123448901706,0.8565423342378562,49.5
u30,BCwave_b1_u30_n6_s5,1.0,6,5,400.0,27.68544388877021,0.44558170087913246,49.5
u30,BCwave_b1_u30_n6_s5,1.0,6,5,500.0,29.969932052824234,0.06704119893272577,49.5
u30,BCwave_b1_u30_n6_s5,1.0,6,5,600.0,27.48140017191569,0.5842170873700725,49.5
u30,BCwave_b1_u30_n6_s5,1.0,6,5,700.0,21.918515316645305,1.047003197460926,49.5
u30,BCwave_b1_u30_n6_s5,1.0,6,5,850.0,11.049576497077942,1.6322485903659398,49.5
u30,BCwave_b1_u30_n6_s5,1.0,6,5,925.0,5.419508862495422,1.8888755923061014,49.5
u30,BCwave_b1_u30_n6_s5,1.0,6,5,975.0,1.783390799827046,1.996097844332426,49.5
u30,BCwave_b1_u30_n6_s5,1.0,6,5,1000.0,0.023892933275538375,2.0211432596955174,49.5
u30,BCwave_b1_u30_n6_s10,1.0,6,10,10.0,0.01574226422283876,0.013707399194527339,54.5
u30,BCwave_b1_u30_n6_s10,1.0,6,10,50.0,0.0400391676902978,0.015466416514098285,54.5
u30,BCwave_b1_u30_n6_s10,1.0,6,10,100.0,0.7952588813172446,0.12205988393846944,54.5
u30,BCwave_b1_u30_n6_s10,1.0,6,10,150.0,3.5973745736810896,0.43688466951612015,54.5
u30,BCwave_b1_u30_n6_s10,1.0,6,10,200.0,8.410327998797099,0.8203221486060658,54.5
u30,BCwave_b1_u30_n6_s10,1.0,6,10,250.0,14.169367787573073,0.9854725915195162,54.5
u30,BCwave_b1_u30_n6_s10,1.0,6,10,300.0,19.748010661866928,0.9055130170333497,54.5
u30,BCwave_b1_u30_n6_s10,1.0,6,10,400.0,27.678291850619846,0.4528989746763115,54.5
u30,BCwave_b1_u30_n6_s10,1.0,6,10,500.0,29.96232006284926,0.06706494646737124,54.5
u30,BCwave_b1_u30_n6_s10,1.0,6,10,600.0,27.475780126783583,0.5854133273516341,54.5
u30,BCwave_b1_u30_n6_s10,1.0,6,10,700.0,21.915122916963366,1.0615691647152092,54.5
u30,BCwave_b1_u30_n6_s10,1.0,6,10,850.0,11.048782242668999,1.7111637181180965,54.5
u30,BCwave_b1_u30_n6_s10,1.0,6,10,925.0,5.419813945558336,2.028746348987401,54.5
u30,BCwave_b1_u30_n6_s10,1.0,6,10,975.0,1.784418367014991,2.182922440856473,54.5
u30,BCwave_b1_u30_n6_s10,1.0,6,10,1000.0,0.0258527402259233,2.229643868240801,54.5
u30,BCwave_b15_u30_n1_s-10,1.5,1,-10,10.0,0.030660018589050094,0.06463809248716437,34.5
u30,BCwave_b15_u30_n1_s-10,1.5,1,-10,50.0,2.582833602693346,0.11373473311507354,34.5
u30,BCwave_b15_u30_n1_s-10,1.5,1,-10,100.0,10.19057977464464,0.2772080800361136,34.5
u30,BCwave_b15_u30_n1_s-10,1.5,1,-10,150.0,17.908114099502562,0.43445349628541186,34.5
u30,BCwave_b15_u30_n1_s-10,1.5,1,-10,200.0,23.793454535802205,0.43471739491933237,34.5
u30,BCwave_b15_u30_n1_s-10,1.5,1,-10,250.0,27.5819065729777,0.3179672332122243,34.5
u30,BCwave_b15_u30_n1_s-10,1.5,1,-10,300.0,29.544939300749036,0.15156348540480233,34.5
u30,BCwave_b15_u30_n1_s-10,1.5,1,-10,400.0,29.473875464333428,0.1954112738696117,34.5
u30,BCwave_b15_u30_n1_s-10,1.5,1,-10,500.0,26.13464625676473,0.47836034351237583,34.5
u30,BCwave_b15_u30_n1_s-10,1.5,1,-10,600.0,21.222590981589423,0.6772108989751998,34.5
u30,BCwave_b15_u30_n1_s-10,1.5,1,-10,700.0,15.723961965243022,0.7972750031861512,34.5
u30,BCwave_b15_u30_n1_s-10,1.5,1,-10,850.0,7.50043045812183,0.8961375968369549,34.5
u30,BCwave_b15_u30_n1_s-10,1.5,1,-10,925.0,3.6397014213932883,0.933927952105703,34.5
u30,BCwave_b15_u30_n1_s-10,1.5,1,-10,975.0,1.196440080139372,0.9399504232767989,34.5
u30,BCwave_b15_u30_n1_s-10,1.5,1,-10,1000.0,0.018833230697296383,0.9336384702649696,34.5
u30,BCwave_b15_u30_n1_s-5,1.5,1,-5,10.0,0.031113460243796,0.07254244822043135,39.5
u30,BCwave_b15_u30_n1_s-5,1.5,1,-5,50.0,2.584362276395162,0.12845877321131768,39.5
u30,BCwave_b15_u30_n1_s-5,1.5,1,-5,100.0,10.192514896392822,0.31391358668503766,39.5
u30,BCwave_b15_u30_n1_s-5,1.5,1,-5,150.0,17.909720844692654,0.48532401437450207,39.5
u30,BCwave_b15_u30_n1_s-5,1.5,1,-5,200.0,23.794688744015165,0.47105254095571486,39.5
u30,BCwave_b15_u30_n1_s-5,1.5,1,-5,250.0,27.58289049466451,0.33573713956091117,39.5
u30,BCwave_b15_u30_n1_s-5,1.5,1,-5,300.0,29.54584683842129,0.15740605174690114,39.5
u30,BCwave_b15_u30_n1_s-5,1.5,1,-5,400.0,29.47505456606547,0.2010691726990891,39.5
u30,BCwave_b15_u30_n1_s-5,1.5,1,-5,500.0,26.136335187488132,0.49842727233205997,39.5
u30,BCwave_b15_u30_n1_s-5,1.5,1,-5,600.0,21.224515416887073,0.7232806042191446,39.5
u30,BCwave_b15_u30_n1_s-5,1.5,1,-5,700.0,15.72572877407074,0.8748076521091627,39.5
u30,BCwave_b15_u30_n1_s-5,1.5,1,-5,850.0,7.501679133044349,1.0148739570878225,39.5
u30,BCwave_b15_u30_n1_s-5,1.5,1,-5,925.0,3.6407050636079576,1.0681202086364334,39.5
u30,BCwave_b15_u30_n1_s-5,1.5,1,-5,975.0,1.1972812195618947,1.0787554520119722,39.5
u30,BCwave_b15_u30_n1_s-5,1.5,1,-5,1000.0,0.019762053097858574,1.0726609181090645,39.5
u30,BCwave_b15_u30_n1_s0,1.5,1,0,10.0,0.03164901052211159,0.07988110107872107,44.5
u30,BCwave_b15_u30_n1_s0,1.5,1,0,50.0,2.585663013988071,0.14247516896939375,44.5
u30,BCwave_b15_u30_n1_s0,1.5,1,0,100.0,10.194030719333226,0.34925325062797097,44.5
u30,BCwave_b15_u30_n1_s0,1.5,1,0,150.0,17.910677157508,0.5317095473631902,44.5
u30,BCwave_b15_u30_n1_s0,1.5,1,0,200.0,23.795031367407905,0.49997585305810516,44.5
u30,BCwave_b15_u30_n1_s0,1.5,1,0,250.0,27.58282838927375,0.34783456785334765,44.5
u30,BCwave_b15_u30_n1_s0,1.5,1,0,300.0,29.54564734564887,0.16076423155599595,44.5
u30,BCwave_b15_u30_n1_s0,1.5,1,0,400.0,29.475224839316475,0.20373461651331187,44.5
u30,BCwave_b15_u30_n1_s0,1.5,1,0,500.0,26.13726153903537,0.5101023079405677,44.5
u30,BCwave_b15_u30_n1_s0,1.5,1,0,600.0,21.225898848639595,0.7559836885935536,44.5
u30,BCwave_b15_u30_n1_s0,1.5,1,0,700.0,15.727140861087376,0.9379410079963074,44.5
u30,BCwave_b15_u30_n1_s0,1.5,1,0,850.0,7.502716908189986,1.1264542071151014,44.5
u30,BCwave_b15_u30_n1_s0,1.5,1,0,925.0,3.6414854844411213,1.2011489282691006,44.5
u30,BCwave_b15_u30_n1_s0,1.5,1,0,975.0,1.197923222515318,1.219018928665589,44.5
u30,BCwave_b15_u30_n1_s0,1.5,1,0,1000.0,0.020479873211382307,1.2135693429739483,44.5
u30,BCwave_b15_u30_n1_s5,1.5,1,5,10.0,0.03294223044714373,0.08659023980622489,49.5
u30,BCwave_b15_u30_n1_s5,1.5,1,5,50.0,2.5880410260624354,0.15566495524235152,49.5
u30,BCwave_b15_u30_n1_s5,1.5,1,5,100.0,10.196520744429694,0.3829374202483479,49.5
u30,BCwave_b15_u30_n1_s5,1.5,1,5,150.0,17.912357404496934,0.5734113520321126,49.5
u30,BCwave_b15_u30_n1_s5,1.5,1,5,200.0,23.79583061006334,0.5225411986253631,49.5
u30,BCwave_b15_u30_n1_s5,1.5,1,5,250.0,27.58301958507962,0.35575667631222546,49.5
u30,BCwave_b15_u30_n1_s5,1.5,1,5,300.0,29.545564900504218,0.16247056621180564,49.5
u30,BCwave_b15_u30_n1_s5,1.5,1,5,400.0,29.475412628385754,0.2045543749595604,49.5
u30,BCwave_b15_u30_n1_s5,1.5,1,5,500.0,26.138262462615966,0.5160043687182578,49.5
u30,BCwave_b15_u30_n1_s5,1.5,1,5,600.0,21.227523777219986,0.7777083258827976,49.5
u30,BCwave_b15_u30_n1_s5,1.5,1,5,700.0,15.728973624441359,0.9865941457205075,49.5
u30,BCwave_b15_u30_n1_s5,1.5,1,5,850.0,7.504552292823791,1.227619596244412,49.5
u30,BCwave_b15_u30_n1_s5,1.5,1,5,925.0,3.6432945509751637,1.3305794913725533,49.5
u30,BCwave_b15_u30_n1_s5,1.5,1,5,975.0,1.1997218168444104,1.360581608205171,49.5
u30,BCwave_b15_u30_n1_s5,1.5,1,5,1000.0,0.022519078283111563,1.3576502496561709,49.5
u30,BCwave_b15_u30_n1_s10,1.5,1,10,10.0,0.03446398001397029,0.09262468010447161,54.5
u30,BCwave_b15_u30_n1_s10,1.5,1,10,50.0,2.590305405192905,0.16788075419876017,54.5
u30,BCwave_b15_u30_n1_s10,1.5,1,10,100.0,10.198453124364217,0.41460798778922237,54.5
u30,BCwave_b15_u30_n1_s10,1.5,1,10,150.0,17.91309996181064,0.6103490939531646,54.5
u30,BCwave_b15_u30_n1_s10,1.5,1,10,200.0,23.795376337899103,0.5398592708839057,54.5
u30,BCwave_b15_u30_n1_s10,1.5,1,10,250.0,27.581729883617825,0.3607114600851782,54.5
u30,BCwave_b15_u30_n1_s10,1.5,1,10,300.0,29.54386224216885,0.16312547278619344,54.5
u30,BCwave_b15_u30_n1_s10,1.5,1,10,400.0,29.473980474472047,0.20428425304940273,54.5
u30,BCwave_b15_u30_n1_s10,1.5,1,10,500.0,26.137847089767455,0.5182206175222802,54.5
u30,BCwave_b15_u30_n1_s10,1.5,1,10,600.0,21.227970298131307,0.7913680657144392,54.5
u30,BCwave_b15_u30_n1_s10,1.5,1,10,700.0,15.729900524351333,1.0227920810844708,54.5
u30,BCwave_b15_u30_n1_s10,1.5,1,10,850.0,7.505804586410522,1.3172249899893613,54.5
u30,BCwave_b15_u30_n1_s10,1.5,1,10,925.0,3.6447034537792207,1.4551978713049984,54.5
u30,BCwave_b15_u30_n1_s10,1.5,1,10,975.0,1.2012415455447303,1.503917353084385,54.5
u30,BCwave_b15_u30_n1_s10,1.5,1,10,1000.0,0.024422399743209807,1.5065749649548168,54.5
u30,BCwave_b15_u30_n3_s-10,1.5,3,-10,10.0,0.030660514960375924,0.06453092059855457,34.5
u30,BCwave_b15_u30_n3_s-10,1.5,3,-10,50.0,2.5789750794569652,0.11375034013326574,34.5
u30,BCwave_b15_u30_n3_s-10,1.5,3,-10,100.0,10.175290115674336,0.2774927669686288,34.5
u30,BCwave_b15_u30_n3_s-10,1.5,3,-10,150.0,17.881212139129637,0.43325400579438694,34.5
u30,BCwave_b15_u30_n3_s-10,1.5,3,-10,200.0,23.757684055964152,0.42950214468103465,34.5
u30,BCwave_b15_u30_n3_s-10,1.5,3,-10,250.0,27.54042544364929,0.3114992974597061,34.5
u30,BCwave_b15_u30_n3_s-10,1.5,3,-10,300.0,29.500509023666382,0.14763746930738564,34.5
u30,BCwave_b15_u30_n3_s-10,1.5,3,-10,400.0,29.429581880569458,0.18970446133062105,34.5
u30,BCwave_b15_u30_n3_s-10,1.5,3,-10,500.0,26.09541808234321,0.46613464671566546,34.5
u30,BCwave_b15_u30_n3_s-10,1.5,3,-10,600.0,21.19080464575026,0.6647301762888318,34.5
u30,BCwave_b15_u30_n3_s-10,1.5,3,-10,700.0,15.70046383274926,0.7886377299734323,34.5
u30,BCwave_b15_u30_n3_s-10,1.5,3,-10,850.0,7.4892993754810755,0.895096291058903,34.5
u30,BCwave_b15_u30_n3_s-10,1.5,3,-10,925.0,3.634379016690784,0.936707058629979,34.5
u30,BCwave_b15_u30_n3_s-10,1.5,3,-10,975.0,1.194788827498754,0.9445782707203115,34.5
u30,BCwave_b15_u30_n3_s-10,1.5,3,-10,1000.0,0.018934618934554236,0.9387786057178826,34.5
u30,BCwave_b15_u30_n3_s-5,1.5,3,-5,10.0,0.031187582461300028,0.07244131129452631,39.5
u30,BCwave_b15_u30_n3_s-5,1.5,3,-5,50.0,2.5808116177717846,0.12825464050075713,39.5
u30,BCwave_b15_u30_n3_s-5,1.5,3,-5,100.0,10.17828503979577,0.31341821543731385,39.5
u30,BCwave_b15_u30_n3_s-5,1.5,3,-5,150.0,17.88465083969964,0.48484623285314116,39.5
u30,BCwave_b15_u30_n3_s-5,1.5,3,-5,200.0,23.761342435412935,0.47097358441729154,39.5
u30,BCwave_b15_u30_n3_s-5,1.5,3,-5,250.0,27.544224543041654,0.33583839674738475,39.5
u30,BCwave_b15_u30_n3_s-5,1.5,3,-5,300.0,29.504436757829453,0.1574961369495266,39.5
u30,BCwave_b15_u30_n3_s-5,1.5,3,-5,400.0,29.433762009938558,0.20123616386140203,39.5
u30,BCwave_b15_u30_n3_s-5,1.5,3,-5,500.0,26.09975847668118,0.498894826787986,39.5
u30,BCwave_b15_u30_n3_s-5,1.5,3,-5,600.0,21.19485345946418,0.7239095434973194,39.5
u30,BCwave_b15_u30_n3_s-5,1.5,3,-5,700.0,15.70380871825748,0.8753291481938499,39.5
u30,BCwave_b15_u30_n3_s-5,1.5,3,-5,850.0,7.4913169675403175,1.0148306209077653,39.5
u30,BCwave_b15_u30_n3_s-5,1.5,3,-5,925.0,3.6357560488912792,1.0676629464424674,39.5
u30,BCwave_b15_u30_n3_s-5,1.5,3,-5,975.0,1.1957670632335875,1.0774480367397017,39.5
u30,BCwave_b15_u30_n3_s-5,1.5,3,-5,1000.0,0.019933962266511823,1.0707074730185069,39.5
u30,BCwave_b15_u30_n3_s0,1.5,3,0,10.0,0.03171338788363048,0.0797865754858798,44.5
u30,BCwave_b15_u30_n3_s0,1.5,3,0,50.0,2.5821602364381153,0.14195010135786942,44.5
u30,BCwave_b15_u30_n3_s0,1.5,3,0,100.0,10.180022830433316,0.34759715500282073,44.5
u30,BCwave_b15_u30_n3_s0,1.5,3,0,150.0,17.88603842523363,0.532174815261319,44.5
u30,BCwave_b15_u30_n3_s0,1.5,3,0,200.0,23.762310224109225,0.5058863234167089,44.5
u30,BCwave_b15_u30_n3_s0,1.5,3,0,250.0,27.544933732350668,0.3547270970286552,44.5
u30,BCwave_b15_u30_n3_s0,1.5,3,0,300.0,29.50508205625746,0.16470373517875586,44.5
u30,BCwave_b15_u30_n3_s0,1.5,3,0,400.0,29.43476398785909,0.20930747313552842,44.5
u30,BCwave_b15_u30_n3_s0,1.5,3,0,500.0,26.10136931207445,0.5229283578118604,44.5
u30,BCwave_b15_u30_n3_s0,1.5,3,0,600.0,21.196757555007935,0.7709379466718898,44.5
u30,BCwave_b15_u30_n3_s0,1.5,3,0,700.0,15.70558426645067,0.9498620238233073,44.5
u30,BCwave_b15_u30_n3_s0,1.5,3,0,850.0,7.492516946792603,1.127706355151501,44.5
u30,BCwave_b15_u30_n3_s0,1.5,3,0,925.0,3.6366235746277704,1.1953174715463095,44.5
u30,BCwave_b15_u30_n3_s0,1.5,3,0,975.0,1.1964317662848367,1.2084488174484753,44.5
u30,BCwave_b15_u30_n3_s0,1.5,3,0,1000.0,0.02065790896241803,1.2009993235424574,44.5
u30,BCwave_b15_u30_n3_s5,1.5,3,5,10.0,0.03307647450387271,0.0865129671169765,49.5
u30,BCwave_b15_u30_n3_s5,1.5,3,5,50.0,2.5847848653793335,0.1547375984461735,49.5
u30,BCwave_b15_u30_n3_s5,1.5,3,5,100.0,10.183357551362779,0.3797754703581382,49.5
u30,BCwave_b15_u30_n3_s5,1.5,3,5,150.0,17.88919981850518,0.5750455417413775,49.5
u30,BCwave_b15_u30_n3_s5,1.5,3,5,200.0,23.765065966712104,0.5348046194426345,49.5
u30,BCwave_b15_u30_n3_s5,1.5,3,5,250.0,27.54736170768738,0.36910380658103664,49.5
u30,BCwave_b15_u30_n3_s5,1.5,3,5,300.0,29.50737827618917,0.16984006877432165,49.5
u30,BCwave_b15_u30_n3_s5,1.5,3,5,400.0,29.437335602442424,0.21476728368778575,49.5
u30,BCwave_b15_u30_n3_s5,1.5,3,5,500.0,26.104518932766386,0.53988821256392,49.5
u30,BCwave_b15_u30_n3_s5,1.5,3,5,600.0,21.200151941511365,0.8066799356020805,49.5
u30,BCwave_b15_u30_n3_s5,1.5,3,5,700.0,15.708739116456773,1.010952372520037,49.5
u30,BCwave_b15_u30_n3_s5,1.5,3,5,850.0,7.4949880931112505,1.2303309565809322,49.5
u30,BCwave_b15_u30_n3_s5,1.5,3,5,925.0,3.6387491007645925,1.317098918866912,49.5
u30,BCwave_b15_u30_n3_s5,1.5,3,5,975.0,1.1983618795871736,1.3359320411736932,49.5
u30,BCwave_b15_u30_n3_s5,1.5,3,5,1000.0,0.022729221019037342,1.328269568576484,49.5
u30,BCwave_b15_u30_n3_s10,1.5,3,10,10.0,0.03453901658584881,0.09255700375269023,54.5
u30,BCwave_b15_u30_n3_s10,1.5,3,10,50.0,2.5868591593371497,0.16645136073912833,54.5
u30,BCwave_b15_u30_n3_s10,1.5,3,10,100.0,10.184675674968295,0.4095371435348014,54.5
u30,BCwave_b15_u30_n3_s10,1.5,3,10,150.0,17.888852061165704,0.6131850026270532,54.5
u30,BCwave_b15_u30_n3_s10,1.5,3,10,200.0,23.763165781233045,0.5583186523566469,54.5
u30,BCwave_b15_u30_n3_s10,1.5,3,10,250.0,27.544398673375447,0.3798131812654924,54.5
u30,BCwave_b15_u30_n3_s10,1.5,3,10,300.0,29.50389750268724,0.1733962911023851,54.5
u30,BCwave_b15_u30_n3_s10,1.5,3,10,400.0,29.434124273724027,0.2183012742497687,54.5
u30,BCwave_b15_u30_n3_s10,1.5,3,10,500.0,26.10250761773851,0.5514100526741152,54.5
u30,BCwave_b15_u30_n3_s10,1.5,3,10,600.0,21.19929526117113,0.8328863930514284,54.5
u30,BCwave_b15_u30_n3_s10,1.5,3,10,700.0,15.70868771870931,1.0591858251148536,54.5
u30,BCwave_b15_u30_n3_s10,1.5,3,10,850.0,7.495773258474138,1.3208678837499725,54.5
u30,BCwave_b15_u30_n3_s10,1.5,3,10,925.0,3.639917644527223,1.430795543658021,54.5
u30,BCwave_b15_u30_n3_s10,1.5,3,10,975.0,1.1997884968916575,1.4604461545652638,54.5
u30,BCwave_b15_u30_n3_s10,1.5,3,10,1000.0,0.024578514912385194,1.4556096253931587,54.5
u30,BCwave_b15_u30_n6_s-10,1.5,6,-10,10.0,0.03057965146019544,0.06438300250327084,34.5
u30,BCwave_b15_u30_n6_s-10,1.5,6,-10,50.0,2.5731174601448905,0.11356070496579855,34.5
u30,BCwave_b15_u30_n6_s-10,1.5,6,-10,100.0,10.152362812889947,0.27711389404891984,34.5
u30,BCwave_b15_u30_n6_s-10,1.5,6,-10,150.0,17.840942896736994,0.43207162992645376,34.5
u30,BCwave_b15_u30_n6_s-10,1.5,6,-10,200.0,23.704163212246364,0.42695330335031545,34.5
u30,BCwave_b15_u30_n6_s-10,1.5,6,-10,250.0,27.478364854388765,0.30877565740093504,34.5
u30,BCwave_b15_u30_n6_s-10,1.5,6,-10,300.0,29.434032572640312,0.1460760327254276,34.5
u30,BCwave_b15_u30_n6_s-10,1.5,6,-10,400.0,29.363312890794543,0.18748232855684055,34.5
u30,BCwave_b15_u30_n6_s-10,1.5,6,-10,500.0,26.036733606126575,0.4612216567523128,34.5
u30,BCwave_b15_u30_n6_s-10,1.5,6,-10,600.0,21.14321960873074,0.6592774123546298,34.5
u30,BCwave_b15_u30_n6_s-10,1.5,6,-10,700.0,15.665264966752794,0.7841849029977962,34.5
u30,BCwave_b15_u30_n6_s-10,1.5,6,-10,850.0,7.4725642893049455,0.8930062711269444,34.5
u30,BCwave_b15_u30_n6_s-10,1.5,6,-10,925.0,3.626301043563419,0.935931508639646,34.5
u30,BCwave_b15_u30_n6_s-10,1.5,6,-10,975.0,1.1921903984414206,0.9439431977447781,34.5
u30,BCwave_b15_u30_n6_s-10,1.5,6,-10,1000.0,0.018910092222638595,0.9378275626519348,34.5
u30,BCwave_b15_u30_n6_s-5,1.5,6,-5,10.0,0.026279518046067096,0.07381054522067285,40.5
u30,BCwave_b15_u30_n6_s-5,1.5,6,-5,50.0,2.5712169183625115,0.1308926938678042,40.5
u30,BCwave_b15_u30_n6_s-5,1.5,6,-5,100.0,10.154250881406996,0.3201099842861946,40.5
u30,BCwave_b15_u30_n6_s-5,1.5,6,-5,150.0,17.845685079362656,0.49352518131035955,40.5
u30,BCwave_b15_u30_n6_s-5,1.5,6,-5,200.0,23.710878319210476,0.4757914074863382,40.5
u30,BCwave_b15_u30_n6_s-5,1.5,6,-5,250.0,27.48631830745273,0.33718579320611175,40.5
u30,BCwave_b15_u30_n6_s-5,1.5,6,-5,300.0,29.442685296800402,0.15753157186770184,40.5
u30,BCwave_b15_u30_n6_s-5,1.5,6,-5,400.0,29.372261577182346,0.20086498665149496,40.5
u30,BCwave_b15_u30_n6_s-5,1.5,6,-5,500.0,26.044934272766113,0.49938043819836003,40.5
u30,BCwave_b15_u30_n6_s-5,1.5,6,-5,600.0,21.149643060896132,0.7287219868605757,40.5
u30,BCwave_b15_u30_n6_s-5,1.5,6,-5,700.0,15.669170829984877,0.8868771626290476,40.5
u30,BCwave_b15_u30_n6_s-5,1.5,6,-5,850.0,7.472359620200264,1.0367713942809433,40.5
u30,BCwave_b15_u30_n6_s-5,1.5,6,-5,925.0,3.624135314093696,1.0940182507991247,40.5
u30,BCwave_b15_u30_n6_s-5,1.5,6,-5,975.0,1.1887903379069433,1.1045501257294692,40.5
u30,BCwave_b15_u30_n6_s-5,1.5,6,-5,1000.0,0.015139629108307417,1.0972644997991106,40.5
u30,BCwave_b15_u30_n6_s0,1.5,6,0,10.0,0.031664844018976304,0.07963393269920117,44.5
u30,BCwave_b15_u30_n6_s0,1.5,6,0,50.0,2.576789230770535,0.1414314283366364,44.5
u30,BCwave_b15_u30_n6_s0,1.5,6,0,100.0,10.158993464046054,0.34606505395810055,44.5
u30,BCwave_b15_u30_n6_s0,1.5,6,0,150.0,17.849131245083278,0.5318776874090151,44.5
u30,BCwave_b15_u30_n6_s0,1.5,6,0,200.0,23.71333161989848,0.5095605104191832,44.5
u30,BCwave_b15_u30_n6_s0,1.5,6,0,250.0,27.48821631007724,0.359410804916687,44.5
u30,BCwave_b15_u30_n6_s0,1.5,6,0,300.0,29.44436919424269,0.16746550906503543,44.5
u30,BCwave_b15_u30_n6_s0,1.5,6,0,400.0,29.374208323160808,0.21326700989622932,44.5
u30,BCwave_b15_u30_n6_s0,1.5,6,0,500.0,26.047632016075983,0.5318982637339668,44.5
u30,BCwave_b15_u30_n6_s0,1.5,6,0,600.0,21.1530912399292,0.7809566521810732,44.5
u30,BCwave_b15_u30_n6_s0,1.5,6,0,700.0,15.673228685061137,0.9571597290526821,44.5
u30,BCwave_b15_u30_n6_s0,1.5,6,0,850.0,7.4771166854434545,1.1269415761361414,44.5
u30,BCwave_b15_u30_n6_s0,1.5,6,0,925.0,3.629185707701577,1.1895102782271678,44.5
u30,BCwave_b15_u30_n6_s0,1.5,6,0,975.0,1.1940312067667642,1.1994262361311048,44.5
u30,BCwave_b15_u30_n6_s0,1.5,6,0,1000.0,0.020638749047490516,1.1906789936324365,44.5
u30,BCwave_b15_u30_n6_s5,1.5,6,5,10.0,0.03310299657880225,0.08636824992078554,49.5
u30,BCwave_b15_u30_n6_s5,1.5,6,5,50.0,2.5797432621320087,0.1539958004294543,49.5
u30,BCwave_b15_u30_n6_s5,1.5,6,5,100.0,10.163559216923185,0.3774230904857412,49.5
u30,BCwave_b15_u30_n6_s5,1.5,6,5,150.0,17.854458618164063,0.5753980981004414,49.5
u30,BCwave_b15_u30_n6_s5,1.5,6,5,200.0,23.718935118781197,0.5422253569613994,49.5
u30,BCwave_b15_u30_n6_s5,1.5,6,5,250.0,27.49391337500678,0.3777415069780432,49.5
u30,BCwave_b15_u30_n6_s5,1.5,6,5,300.0,29.450148105621338,0.1747479256896779,49.5
u30,BCwave_b15_u30_n6_s5,1.5,6,5,400.0,29.380260350969102,0.2216692891919277,49.5
u30,BCwave_b15_u30_n6_s5,1.5,6,5,500.0,26.053925445344714,0.5558249048540588,49.5
u30,BCwave_b15_u30_n6_s5,1.5,6,5,600.0,21.15908119413588,0.8253584765836954,49.5
u30,BCwave_b15_u30_n6_s5,1.5,6,5,700.0,15.678337168693542,1.0257256140793838,49.5
u30,BCwave_b15_u30_n6_s5,1.5,6,5,850.0,7.480530875258975,1.2305292408366968,49.5
u30,BCwave_b15_u30_n6_s5,1.5,6,5,925.0,3.631789720720715,1.307218618080365,49.5
u30,BCwave_b15_u30_n6_s5,1.5,6,5,975.0,1.1961322946680917,1.3197530212726993,49.5
u30,BCwave_b15_u30_n6_s5,1.5,6,5,1000.0,0.022752895797369554,1.3097210071342011,49.5
u30,BCwave_b15_u30_n6_s10,1.5,6,10,10.0,0.03450560967386183,0.0924040428447127,54.5
u30,BCwave_b15_u30_n6_s10,1.5,6,10,50.0,2.5815496351983813,0.16542053283535485,54.5
u30,BCwave_b15_u30_n6_s10,1.5,6,10,100.0,10.163926129870944,0.4061344395973022,54.5
u30,BCwave_b15_u30_n6_s10,1.5,6,10,150.0,17.85247254901462,0.6141309335168978,54.5
u30,BCwave_b15_u30_n6_s10,1.5,6,10,200.0,23.714868179957072,0.5694424088295182,54.5
u30,BCwave_b15_u30_n6_s10,1.5,6,10,250.0,27.488440895080565,0.3921263914184964,54.5
u30,BCwave_b15_u30_n6_s10,1.5,6,10,300.0,29.443979517618814,0.18022287703163112,54.5
u30,BCwave_b15_u30_n6_s10,1.5,6,10,400.0,29.374383454852634,0.22777012440221797,54.5
u30,BCwave_b15_u30_n6_s10,1.5,6,10,500.0,26.04955120616489,0.5735459192989694,54.5
u30,BCwave_b15_u30_n6_s10,1.5,6,10,600.0,21.156306319766575,0.8596351179253359,54.5
u30,BCwave_b15_u30_n6_s10,1.5,6,10,700.0,15.676865612135993,1.0812834724681222,54.5
u30,BCwave_b15_u30_n6_s10,1.5,6,10,850.0,7.480650639533996,1.321570733052448,54.5
u30,BCwave_b15_u30_n6_s10,1.5,6,10,925.0,3.6326294196976554,1.4153799000434042,54.5
u30,BCwave_b15_u30_n6_s10,1.5,6,10,975.0,1.1974521580669615,1.433969023459176,54.5
u30,BCwave_b15_u30_n6_s10,1.5,6,10,1000.0,0.024664184836238848,1.4245201894204955,54.5
u30,BCwave_b2_u30_n1_s-10,2.0,1,-10,10.0,0.803661637339327,0.0067267203518412404,34.5
u30,BCwave_b2_u30_n1_s-10,2.0,1,-10,50.0,11.139333030912612,0.17237433382896125,34.5
u30,BCwave_b2_u30_n1_s-10,2.0,1,-10,100.0,21.44431987868415,0.24703995138511944,34.5
u30,BCwave_b2_u30_n1_s-10,2.0,1,-10,150.0,27.041950994067722,0.23793299751868177,34.5
u30,BCwave_b2_u30_n1_s-10,2.0,1,-10,200.0,29.505802790323894,0.11962793112949008,34.5
u30,BCwave_b2_u30_n1_s-10,2.0,1,-10,250.0,30.026823483573065,0.023858686822827477,34.5
u30,BCwave_b2_u30_n1_s-10,2.0,1,-10,300.0,29.34051406118605,0.1568493138171429,34.5
u30,BCwave_b2_u30_n1_s-10,2.0,1,-10,400.0,25.997263039482963,0.3670893895393489,34.5
u30,BCwave_b2_u30_n1_s-10,2.0,1,-10,500.0,21.50506134033203,0.5077131569769262,34.5
u30,BCwave_b2_u30_n1_s-10,2.0,1,-10,600.0,16.740323040220474,0.5941889335759537,34.5
u30,BCwave_b2_u30_n1_s-10,2.0,1,-10,700.0,12.089099775420294,0.641739854921229,34.5
u30,BCwave_b2_u30_n1_s-10,2.0,1,-10,850.0,5.658109080791474,0.6823615461766045,34.5
u30,BCwave_b2_u30_n1_s-10,2.0,1,-10,925.0,2.737209667099847,0.7039563071581614,34.5
u30,BCwave_b2_u30_n1_s-10,2.0,1,-10,975.0,0.9017058721847004,0.7078121310430361,34.5
u30,BCwave_b2_u30_n1_s-10,2.0,1,-10,1000.0,0.018410530117090377,0.7033859255768584,34.5
u30,BCwave_b2_u30_n1_s-5,2.0,1,-5,10.0,0.8046244887842072,0.0075988384052783735,39.5
u30,BCwave_b2_u30_n1_s-5,2.0,1,-5,50.0,11.141160488128662,0.19380065356291515,39.5
u30,BCwave_b2_u30_n1_s-5,2.0,1,-5,100.0,21.446029069688585,0.2751443001595016,39.5
u30,BCwave_b2_u30_n1_s-5,2.0,1,-5,150.0,27.043626266055636,0.2591395226619851,39.5
u30,BCwave_b2_u30_n1_s-5,2.0,1,-5,200.0,29.50755525165134,0.12808814801323629,39.5
u30,BCwave_b2_u30_n1_s-5,2.0,1,-5,250.0,30.02868349817064,0.025400149337095883,39.5
u30,BCwave_b2_u30_n1_s-5,2.0,1,-5,300.0,29.342486969629924,0.16713334292233767,39.5
u30,BCwave_b2_u30_n1_s-5,2.0,1,-5,400.0,25.999419588512843,0.39484478069562146,39.5
u30,BCwave_b2_u30_n1_s-5,2.0,1,-5,500.0,21.50725900861952,0.5541462617680071,39.5
u30,BCwave_b2_u30_n1_s-5,2.0,1,-5,600.0,16.742339001761543,0.65945244430266,39.5
u30,BCwave_b2_u30_n1_s-5,2.0,1,-5,700.0,12.090795267952814,0.7230285015399266,39.5
u30,BCwave_b2_u30_n1_s-5,2.0,1,-5,850.0,5.659322530693478,0.7796159776902114,39.5
u30,BCwave_b2_u30_n1_s-5,2.0,1,-5,925.0,2.7382341391510434,0.80573739641042,39.5
u30,BCwave_b2_u30_n1_s-5,2.0,1,-5,975.0,0.902599440018336,0.8085754724954691,39.5
u30,BCwave_b2_u30_n1_s-5,2.0,1,-5,1000.0,0.01936294057927499,0.8022451139075026,39.5
u30,BCwave_b2_u30_n1_s0,2.0,1,0,10.0,0.8054903604918056,0.008427262333362417,44.5
u30,BCwave_b2_u30_n1_s0,2.0,1,0,50.0,11.142522629102071,0.21382926940225988,44.5
u30,BCwave_b2_u30_n1_s0,2.0,1,0,100.0,21.446885702345106,0.3004236741930513,44.5
u30,BCwave_b2_u30_n1_s0,2.0,1,0,150.0,27.04424956639608,0.27641390179737774,44.5
u30,BCwave_b2_u30_n1_s0,2.0,1,0,200.0,29.50819863743252,0.13439606660271233,44.5
u30,BCwave_b2_u30_n1_s0,2.0,1,0,250.0,30.02948937945896,0.02649773200571461,44.5
u30,BCwave_b2_u30_n1_s0,2.0,1,0,300.0,29.343497959772744,0.17455033321756594,44.5
u30,BCwave_b2_u30_n1_s0,2.0,1,0,400.0,26.00084284146627,0.4159378464191564,44.5
u30,BCwave_b2_u30_n1_s0,2.0,1,0,500.0,21.508930317560832,0.5918705835075485,44.5
u30,BCwave_b2_u30_n1_s0,2.0,1,0,600.0,16.743957212236193,0.716025745336947,44.5
u30,BCwave_b2_u30_n1_s0,2.0,1,0,700.0,12.092198099030389,0.7975300513395521,44.5
u30,BCwave_b2_u30_n1_s0,2.0,1,0,850.0,5.660319536262088,0.8742128241783818,44.5
u30,BCwave_b2_u30_n1_s0,2.0,1,0,925.0,2.7390158825450475,0.9066890964103529,44.5
u30,BCwave_b2_u30_n1_s0,2.0,1,0,975.0,0.9032834536499448,0.9084805317855865,44.5
u30,BCwave_b2_u30_n1_s0,2.0,1,0,1000.0,0.02008924412527651,0.89972850689623,44.5
u30,BCwave_b2_u30_n1_s5,2.0,1,5,10.0,0.8073792710900307,0.009208056337351672,49.5
u30,BCwave_b2_u30_n1_s5,2.0,1,5,50.0,11.144840251074896,0.23230556699036428,49.5
u30,BCwave_b2_u30_n1_s5,2.0,1,5,100.0,21.448438957002427,0.322795459469361,49.5
u30,BCwave_b2_u30_n1_s5,2.0,1,5,150.0,27.045294957690768,0.29018787848764216,49.5
u30,BCwave_b2_u30_n1_s5,2.0,1,5,200.0,29.50908014509413,0.13896212119921955,49.5
u30,BCwave_b2_u30_n1_s5,2.0,1,5,250.0,30.03041762246026,0.027267207833028002,49.5
u30,BCwave_b2_u30_n1_s5,2.0,1,5,300.0,29.344589646657308,0.17974384605209798,49.5
u30,BCwave_b2_u30_n1_s5,2.0,1,5,400.0,26.00237686898973,0.43150113369872456,49.5
u30,BCwave_b2_u30_n1_s5,2.0,1,5,500.0,21.510828998353745,0.6215151127547196,49.5
u30,BCwave_b2_u30_n1_s5,2.0,1,5,600.0,16.745988506740993,0.7631557410612156,49.5
u30,BCwave_b2_u30_n1_s5,2.0,1,5,700.0,12.094183519151475,0.8629630100621949,49.5
u30,BCwave_b2_u30_n1_s5,2.0,1,5,850.0,5.662209096219804,0.9632198606898721,49.5
u30,BCwave_b2_u30_n1_s5,2.0,1,5,925.0,2.7408724864323935,1.0045375876080966,49.5
u30,BCwave_b2_u30_n1_s5,2.0,1,5,975.0,0.9051309166683091,1.006907975533877,49.5
u30,BCwave_b2_u30_n1_s5,2.0,1,5,1000.0,0.022111839072892932,0.9964224370211278,49.5
u30,BCwave_b2_u30_n1_s10,2.0,1,10,10.0,0.8093817636370659,0.00992640226337923,54.5
u30,BCwave_b2_u30_n1_s10,2.0,1,10,50.0,11.14651631779141,0.24907133029135028,54.5
u30,BCwave_b2_u30_n1_s10,2.0,1,10,100.0,21.448770395914714,0.34225132944322334,54.5
u30,BCwave_b2_u30_n1_s10,2.0,1,10,150.0,27.044818761613634,0.30096312493748906,54.5
u30,BCwave_b2_u30_n1_s10,2.0,1,10,200.0,29.50830618540446,0.1421858247678099,54.5
u30,BCwave_b2_u30_n1_s10,2.0,1,10,250.0,30.029676898320517,0.027780311089646067,54.5
u30,BCwave_b2_u30_n1_s10,2.0,1,10,300.0,29.344061183929444,0.18325180984924405,54.5
u30,BCwave_b2_u30_n1_s10,2.0,1,10,400.0,26.002507787280614,0.44268437056708176,54.5
u30,BCwave_b2_u30_n1_s10,2.0,1,10,500.0,21.511574602127077,0.6442367184035617,54.5
u30,BCwave_b2_u30_n1_s10,2.0,1,10,600.0,16.747085523605346,0.8012747452570831,54.5
u30,BCwave_b2_u30_n1_s10,2.0,1,10,700.0,12.095473125245835,0.918545136433062,54.5
u30,BCwave_b2_u30_n1_s10,2.0,1,10,850.0,5.663674861854977,1.044759104076248,54.5
u30,BCwave_b2_u30_n1_s10,2.0,1,10,925.0,2.742442776097192,1.0979031951260034,54.5
u30,BCwave_b2_u30_n1_s10,2.0,1,10,975.0,0.9067854030264748,1.10333964032791,54.5
u30,BCwave_b2_u30_n1_s10,2.0,1,10,1000.0,0.02401238472767141,1.0922401761373948,54.5
u30,BCwave_b2_u30_n3_s-10,2.0,3,-10,10.0,0.8024211030867364,0.006724128654510694,34.5
u30,BCwave_b2_u30_n3_s-10,2.0,3,-10,50.0,11.122542757458158,0.17218004495618394,34.5
u30,BCwave_b2_u30_n3_s-10,2.0,3,-10,100.0,21.412021525700887,0.24608623297399884,34.5
u30,BCwave_b2_u30_n3_s-10,2.0,3,-10,150.0,27.001218191782634,0.23539211272546798,34.5
u30,BCwave_b2_u30_n3_s-10,2.0,3,-10,200.0,29.461363903681438,0.11770075536339651,34.5
u30,BCwave_b2_u30_n3_s-10,2.0,3,-10,250.0,29.981612555185954,0.023432433695687097,34.5
u30,BCwave_b2_u30_n3_s-10,2.0,3,-10,300.0,29.296352100372314,0.15407342698351686,34.5
u30,BCwave_b2_u30_n3_s-10,2.0,3,-10,400.0,25.958179457982382,0.36161759795626347,34.5
u30,BCwave_b2_u30_n3_s-10,2.0,3,-10,500.0,21.472763586044312,0.5021708431194408,34.5
u30,BCwave_b2_u30_n3_s-10,2.0,3,-10,600.0,16.715224239561294,0.590115625313853,34.5
u30,BCwave_b2_u30_n3_s-10,2.0,3,-10,700.0,12.070997201071846,0.6395878205059738,34.5
u30,BCwave_b2_u30_n3_s-10,2.0,3,-10,850.0,5.649673521518707,0.6828651042089051,34.5
u30,BCwave_b2_u30_n3_s-10,2.0,3,-10,925.0,2.7331667204697925,0.7057364978231303,34.5
u30,BCwave_b2_u30_n3_s-10,2.0,3,-10,975.0,0.9004244915313191,0.7100299161716261,34.5
u30,BCwave_b2_u30_n3_s-10,2.0,3,-10,1000.0,0.018448606768246615,0.7055911693622305,34.5
u30,BCwave_b2_u30_n3_s-5,2.0,3,-5,10.0,0.8035069126221869,0.007586923906089706,39.5
u30,BCwave_b2_u30_n3_s-5,2.0,3,-5,50.0,11.125514867570665,0.19352879426941566,39.5
u30,BCwave_b2_u30_n3_s-5,2.0,3,-5,100.0,21.415905486212836,0.2748457307976564,39.5
u30,BCwave_b2_u30_n3_s-5,2.0,3,-5,150.0,27.005630238850912,0.25900640988500184,39.5
u30,BCwave_b2_u30_n3_s-5,2.0,3,-5,200.0,29.466101614634194,0.1280659373058508,39.5
u30,BCwave_b2_u30_n3_s-5,2.0,3,-5,250.0,29.986512168248495,0.025395800695985443,39.5
u30,BCwave_b2_u30_n3_s-5,2.0,3,-5,300.0,29.301298014322917,0.16712412680222893,39.5
u30,BCwave_b2_u30_n3_s-5,2.0,3,-5,400.0,25.962955156962078,0.3948338126749788,39.5
u30,BCwave_b2_u30_n3_s-5,2.0,3,-5,500.0,21.477122884326512,0.5540918364728267,39.5
u30,BCwave_b2_u30_n3_s-5,2.0,3,-5,600.0,16.718899318906995,0.6592808896962116,39.5
u30,BCwave_b2_u30_n3_s-5,2.0,3,-5,700.0,12.07389826244778,0.7226726037911604,39.5
u30,BCwave_b2_u30_n3_s-5,2.0,3,-5,850.0,5.651457691192627,0.7789387930157085,39.5
u30,BCwave_b2_u30_n3_s-5,2.0,3,-5,925.0,2.734461317459742,0.8049921488155573,39.5
u30,BCwave_b2_u30_n3_s-5,2.0,3,-5,975.0,0.9014121914903322,0.8073246774604078,39.5
u30,BCwave_b2_u30_n3_s-5,2.0,3,-5,1000.0,0.019440202905954922,0.8005163094630283,39.5
u30,BCwave_b2_u30_n3_s0,2.0,3,0,10.0,0.8043530508875847,0.008402050531170557,44.5
u30,BCwave_b2_u30_n3_s0,2.0,3,0,50.0,11.127140257093641,0.2134416321566142,44.5
u30,BCwave_b2_u30_n3_s0,2.0,3,0,100.0,21.417309082878962,0.30099607000307604,44.5
u30,BCwave_b2_u30_n3_s0,2.0,3,0,150.0,27.006992801030478,0.27916817216417317,44.5
u30,BCwave_b2_u30_n3_s0,2.0,3,0,200.0,29.46757827864753,0.13647939918370364,44.5
u30,BCwave_b2_u30_n3_s0,2.0,3,0,250.0,29.988160377078586,0.026950120112038976,44.5
u30,BCwave_b2_u30_n3_s0,2.0,3,0,300.0,29.303111362457276,0.17753326172160655,44.5
u30,BCwave_b2_u30_n3_s0,2.0,3,0,400.0,25.965046548843382,0.42209182940687323,44.5
u30,BCwave_b2_u30_n3_s0,2.0,3,0,500.0,21.479305341508653,0.5984555759935424,44.5
u30,BCwave_b2_u30_n3_s0,2.0,3,0,600.0,16.72090080579122,0.7209835431663602,44.5
u30,BCwave_b2_u30_n3_s0,2.0,3,0,700.0,12.075566265318129,0.7997258435721796,44.5
u30,BCwave_b2_u30_n3_s0,2.0,3,0,850.0,5.652568803893195,0.8716326420392884,44.5
u30,BCwave_b2_u30_n3_s0,2.0,3,0,925.0,2.7353014899624717,0.9015870532451393,44.5
u30,BCwave_b2_u30_n3_s0,2.0,3,0,975.0,0.9020981323387888,0.9023037804921209,44.5
u30,BCwave_b2_u30_n3_s0,2.0,3,0,1000.0,0.020154144297804225,0.893373713079032,44.5
u30,BCwave_b2_u30_n3_s5,2.0,3,5,10.0,0.8063445437285636,0.009165351489107224,49.5
u30,BCwave_b2_u30_n3_s5,2.0,3,5,50.0,11.130341786808438,0.23178980220663756,49.5
u30,BCwave_b2_u30_n3_s5,2.0,3,5,100.0,21.42059368027581,0.3244419138436815,49.5
u30,BCwave_b2_u30_n3_s5,2.0,3,5,150.0,27.010216352674696,0.29609000649414624,49.5
u30,BCwave_b2_u30_n3_s5,2.0,3,5,200.0,29.470822122361923,0.14317113231556514,49.5
u30,BCwave_b2_u30_n3_s5,2.0,3,5,250.0,29.99149210717943,0.02816769270185927,49.5
u30,BCwave_b2_u30_n3_s5,2.0,3,5,300.0,29.306562206480237,0.18567972718991205,49.5
u30,BCwave_b2_u30_n3_s5,2.0,3,5,400.0,25.968687550226846,0.44396830899442474,49.5
u30,BCwave_b2_u30_n3_s5,2.0,3,5,500.0,21.482966502507526,0.6353128887033385,49.5
u30,BCwave_b2_u30_n3_s5,2.0,3,5,600.0,16.724313026004367,0.7740971672315795,49.5
u30,BCwave_b2_u30_n3_s5,2.0,3,5,700.0,12.078546277681987,0.8683351199798204,49.5
u30,BCwave_b2_u30_n3_s5,2.0,3,5,850.0,5.654925154315101,0.958060684901372,49.5
u30,BCwave_b2_u30_n3_s5,2.0,3,5,925.0,2.7373913089434305,0.9935510032907114,49.5
u30,BCwave_b2_u30_n3_s5,2.0,3,5,975.0,0.9040412578317855,0.9926516080275172,49.5
u30,BCwave_b2_u30_n3_s5,2.0,3,5,1000.0,0.022206184038986977,0.9810616779140255,49.5
u30,BCwave_b2_u30_n3_s10,2.0,3,10,10.0,0.808225792646408,0.009864151915647932,54.5
u30,BCwave_b2_u30_n3_s10,2.0,3,10,50.0,11.131320065922207,0.24837277223337978,54.5
u30,BCwave_b2_u30_n3_s10,2.0,3,10,100.0,21.41960246298048,0.3450515046066508,54.5
u30,BCwave_b2_u30_n3_s10,2.0,3,10,150.0,27.008076598909167,0.31000635746775745,54.5
u30,BCwave_b2_u30_n3_s10,2.0,3,10,200.0,29.468245220184325,0.14838610968909446,54.5
u30,BCwave_b2_u30_n3_s10,2.0,3,10,250.0,29.98892290327284,0.029092888463855503,54.5
u30,BCwave_b2_u30_n3_s10,2.0,3,10,300.0,29.304242504967583,0.19190379317473805,54.5
u30,BCwave_b2_u30_n3_s10,2.0,3,10,400.0,25.967225885391237,0.46111405065005245,54.5
u30,BCwave_b2_u30_n3_s10,2.0,3,10,500.0,21.482383892271255,0.6651368119204709,54.5
u30,BCwave_b2_u30_n3_s10,2.0,3,10,600.0,16.724376164542303,0.8183617852290038,54.5
u30,BCwave_b2_u30_n3_s10,2.0,3,10,700.0,12.079076631863911,0.9272094517959693,54.5
u30,BCwave_b2_u30_n3_s10,2.0,3,10,850.0,5.656021832095252,1.0359352643615127,54.5
u30,BCwave_b2_u30_n3_s10,2.0,3,10,925.0,2.738773990339703,1.0789265073935974,54.5
u30,BCwave_b2_u30_n3_s10,2.0,3,10,975.0,0.9056084526909722,1.0790735805276248,54.5
u30,BCwave_b2_u30_n3_s10,2.0,3,10,1000.0,0.024069858721688635,1.0664315011602576,54.5
u30,BCwave_b2_u30_n6_s-10,2.0,6,-10,10.0,0.8004786211583349,0.006711910214341576,34.5
u30,BCwave_b2_u30_n6_s-10,2.0,6,-10,50.0,11.097377859221565,0.17181454986918196,34.5
u30,BCwave_b2_u30_n6_s-10,2.0,6,-10,100.0,21.36368332438999,0.24532566432659494,34.5
u30,BCwave_b2_u30_n6_s-10,2.0,6,-10,150.0,26.94024911986457,0.23410951944210878,34.5
u30,BCwave_b2_u30_n6_s-10,2.0,6,-10,200.0,29.394853242238362,0.1168443541008103,34.5
u30,BCwave_b2_u30_n6_s-10,2.0,6,-10,250.0,29.913959397210014,0.02324393439125085,34.5
u30,BCwave_b2_u30_n6_s-10,2.0,6,-10,300.0,29.23028718630473,0.15286213025339304,34.5
u30,BCwave_b2_u30_n6_s-10,2.0,6,-10,400.0,25.899713283114963,0.35911183715689504,34.5
u30,BCwave_b2_u30_n6_s-10,2.0,6,-10,500.0,21.424451944563124,0.4993640578374045,34.5
u30,BCwave_b2_u30_n6_s-10,2.0,6,-10,600.0,16.67763588163588,0.5876332464017627,34.5
u30,BCwave_b2_u30_n6_s-10,2.0,6,-10,700.0,12.043866287337408,0.6376694791568963,34.5
u30,BCwave_b2_u30_n6_s-10,2.0,6,-10,850.0,5.63697429895401,0.6817957331381567,34.5
u30,BCwave_b2_u30_n6_s-10,2.0,6,-10,925.0,2.727024624082777,0.7051002559297193,34.5
u30,BCwave_b2_u30_n6_s-10,2.0,6,-10,975.0,0.8983982135852178,0.7088035904332044,34.5
u30,BCwave_b2_u30_n6_s-10,2.0,6,-10,1000.0,0.01834469400296257,0.7036651213047044,34.5
u30,BCwave_b2_u30_n6_s-5,2.0,6,-5,10.0,0.797063887781567,0.007744277583249267,40.5
u30,BCwave_b2_u30_n6_s-5,2.0,6,-5,50.0,11.09947219689687,0.1972811747690849,40.5
u30,BCwave_b2_u30_n6_s-5,2.0,6,-5,100.0,21.369993183347916,0.27950871138138383,40.5
u30,BCwave_b2_u30_n6_s-5,2.0,6,-5,150.0,26.94887777964274,0.2619331863963164,40.5
u30,BCwave_b2_u30_n6_s-5,2.0,6,-5,200.0,29.404612175623576,0.12898119059586766,40.5
u30,BCwave_b2_u30_n6_s-5,2.0,6,-5,250.0,29.92407431602478,0.025537009262635444,40.5
u30,BCwave_b2_u30_n6_s-5,2.0,6,-5,300.0,29.240255943934123,0.1681184647104862,40.5
u30,BCwave_b2_u30_n6_s-5,2.0,6,-5,400.0,25.90850444899665,0.39810103236464334,40.5
u30,BCwave_b2_u30_n6_s-5,2.0,6,-5,500.0,21.431410037146673,0.5606530321437059,40.5
u30,BCwave_b2_u30_n6_s-5,2.0,6,-5,600.0,16.682342592875163,0.6697812458091998,40.5
u30,BCwave_b2_u30_n6_s-5,2.0,6,-5,700.0,12.04620340930091,0.7369080539714739,40.5
u30,BCwave_b2_u30_n6_s-5,2.0,6,-5,850.0,5.635989210340711,0.797250526686573,40.5
u30,BCwave_b2_u30_n6_s-5,2.0,6,-5,925.0,2.7245332843727534,0.8245059083022069,40.5
u30,BCwave_b2_u30_n6_s-5,2.0,6,-5,975.0,0.8949717854460081,0.8259776355512599,40.5
u30,BCwave_b2_u30_n6_s-5,2.0,6,-5,1000.0,0.014616093596042547,0.8181271869751034,40.5
u30,BCwave_b2_u30_n6_s0,2.0,6,0,10.0,0.8025406259629462,0.00837523701310736,44.5
u30,BCwave_b2_u30_n6_s0,2.0,6,0,50.0,11.104057057698567,0.21293559945426352,44.5
u30,BCwave_b2_u30_n6_s0,2.0,6,0,100.0,21.373036495844524,0.30106191372574787,44.5
u30,BCwave_b2_u30_n6_s0,2.0,6,0,150.0,26.951245064205594,0.28083657415348734,44.5
u30,BCwave_b2_u30_n6_s0,2.0,6,0,200.0,29.406796916325888,0.13785086504094676,44.5
u30,BCwave_b2_u30_n6_s0,2.0,6,0,250.0,29.926324081420898,0.027251200669137735,44.5
u30,BCwave_b2_u30_n6_s0,2.0,6,0,300.0,29.242688359154595,0.17952191344952498,44.5
u30,BCwave_b2_u30_n6_s0,2.0,6,0,400.0,25.91147338549296,0.426084470933128,44.5
u30,BCwave_b2_u30_n6_s0,2.0,6,0,500.0,21.43495330810547,0.6024734983000926,44.5
u30,BCwave_b2_u30_n6_s0,2.0,6,0,600.0,16.686349397235446,0.7236071347604207,44.5
u30,BCwave_b2_u30_n6_s0,2.0,6,0,700.0,12.05059770213233,0.8002445873660557,44.5
u30,BCwave_b2_u30_n6_s0,2.0,6,0,850.0,5.640860074096256,0.8687258705498336,44.5
u30,BCwave_b2_u30_n6_s0,2.0,6,0,925.0,2.7296144207318624,0.8969424073198277,44.5
u30,BCwave_b2_u30_n6_s0,2.0,6,0,975.0,0.9001922322644128,0.8962427150418291,44.5
u30,BCwave_b2_u30_n6_s0,2.0,6,0,1000.0,0.02002998454837426,0.886566319372869,44.5
u30,BCwave_b2_u30_n6_s5,2.0,6,5,10.0,0.8046636558241315,0.009128591135568492,49.5
u30,BCwave_b2_u30_n6_s5,2.0,6,5,50.0,11.108567582236397,0.23120748582616243,49.5
u30,BCwave_b2_u30_n6_s5,2.0,6,5,100.0,21.3788460360633,0.32510286350333734,49.5
u30,BCwave_b2_u30_n6_s5,2.0,6,5,150.0,26.957642560535007,0.2995923750883499,49.5
u30,BCwave_b2_u30_n6_s5,2.0,6,5,200.0,29.41348910331726,0.14581632224988295,49.5
u30,BCwave_b2_u30_n6_s5,2.0,6,5,250.0,29.93317313194275,0.028738291889522746,49.5
u30,BCwave_b2_u30_n6_s5,2.0,6,5,300.0,29.249588033888074,0.1894514272351042,49.5
u30,BCwave_b2_u30_n6_s5,2.0,6,5,400.0,25.918208106358847,0.4517378392956701,49.5
u30,BCwave_b2_u30_n6_s5,2.0,6,5,500.0,21.441202725304496,0.643585714302617,49.5
u30,BCwave_b2_u30_n6_s5,2.0,6,5,600.0,16.69179328812493,0.7801874818813946,49.5
u30,BCwave_b2_u30_n6_s5,2.0,6,5,700.0,12.055053363906012,0.870672493454634,49.5
u30,BCwave_b2_u30_n6_s5,2.0,6,5,850.0,5.643905988004472,0.9537221103091477,49.5
u30,BCwave_b2_u30_n6_s5,2.0,6,5,925.0,2.7320470266871983,0.9858177122763275,49.5
u30,BCwave_b2_u30_n6_s5,2.0,6,5,975.0,0.9022529674900903,0.9833298677092914,49.5
u30,BCwave_b2_u30_n6_s5,2.0,6,5,1000.0,0.022105289902588587,0.9713183509667223,49.5
u30,BCwave_b2_u30_n6_s10,2.0,6,10,10.0,0.8063809343510204,0.009815187120474193,54.5
u30,BCwave_b2_u30_n6_s10,2.0,6,10,50.0,11.108479788568285,0.24765882584539578,54.5
u30,BCwave_b2_u30_n6_s10,2.0,6,10,100.0,21.375882069269817,0.34631107964415175,54.5
u30,BCwave_b2_u30_n6_s10,2.0,6,10,150.0,26.953018569946288,0.3153502321020038,54.5
u30,BCwave_b2_u30_n6_s10,2.0,6,10,200.0,29.40821191469828,0.15225954320632204,54.5
u30,BCwave_b2_u30_n6_s10,2.0,6,10,250.0,29.927860159344142,0.02992028043230132,54.5
u30,BCwave_b2_u30_n6_s10,2.0,6,10,300.0,29.244590218861898,0.19737165892395694,54.5
u30,BCwave_b2_u30_n6_s10,2.0,6,10,400.0,25.914374134275647,0.4725434728167187,54.5
u30,BCwave_b2_u30_n6_s10,2.0,6,10,500.0,21.438657342063056,0.6776368706272792,54.5
u30,BCwave_b2_u30_n6_s10,2.0,6,10,600.0,16.69031867980957,0.827968613606875,54.5
u30,BCwave_b2_u30_n6_s10,2.0,6,10,700.0,12.054465341567994,0.9313240999999458,54.5
u30,BCwave_b2_u30_n6_s10,2.0,6,10,850.0,5.644471467865838,1.0296268848614227,54.5
u30,BCwave_b2_u30_n6_s10,2.0,6,10,925.0,2.733148208591673,1.0670297668548585,54.5
u30,BCwave_b2_u30_n6_s10,2.0,6,10,975.0,0.9037133857607842,1.064406995666032,54.5
u30,BCwave_b2_u30_n6_s10,2.0,6,10,1000.0,0.024000366323477667,1.0509769453866338,54.5
